40.26,37.49,37.03,36.45,40.10,43.65,37.38,39.54,34.59,37.96,42.63,38.66,36.96,33.99,45.30,46.65,43.09,40.28,44.81,41.47,41.86,41.14,37.50,40.04,39.08,38.28,39.72,40.91,40.42,37.45,37.61,41.62,42.99,44.75,37.96,38.42,42.16,37.96,34.80,40.05,-53.76,-50.44,-53.20,-41.96,-49.69,-45.43,-50.58,-38.21,-50.51,-41.71,-37.60,-46.77,-44.10,-48.12,-44.01,-51.46,-45.66,-44.97,-45.92,-42.99,-48.37,-46.77,-48.04,-47.73,-49.07,-50.60,-51.48,-52.01,-47.35,-43.27,-41.99,-41.83,-44.73,-47.51,-44.64,-49.12,-51.90,-46.60,-45.06,-42.66
37.49,35.01,34.49,33.98,37.30,40.62,34.76,36.84,32.26,35.43,39.70,36.00,34.50,31.63,42.14,43.31,40.06,37.51,41.77,38.55,39.08,38.27,34.78,37.37,36.42,35.78,37.02,38.12,37.68,34.91,35.10,38.84,39.90,41.55,35.43,35.82,39.31,35.43,32.42,37.33,-50.76,-47.56,-50.27,-39.71,-46.99,-42.89,-47.67,-36.03,-47.74,-39.32,-35.60,-44.09,-41.80,-45.45,-41.44,-48.57,-43.04,-42.46,-43.58,-40.62,-45.59,-44.15,-45.53,-45.11,-46.34,-47.78,-48.72,-49.17,-44.70,-40.83,-39.69,-39.53,-42.22,-44.96,-42.06,-46.22,-49.01,-44.19,-42.44,-40.31
37.03,34.49,34.06,33.53,36.88,40.15,34.38,36.37,31.82,34.92,39.21,35.56,34.00,31.26,41.66,42.90,39.63,37.05,41.22,38.14,38.51,37.84,34.48,36.84,35.95,35.22,36.54,37.63,37.18,34.45,34.60,38.29,39.53,41.15,34.92,35.34,38.78,34.92,32.01,36.84,-49.53,-46.47,-49.02,-38.67,-45.79,-41.86,-46.60,-35.20,-46.54,-38.43,-34.65,-43.09,-40.64,-44.34,-40.54,-47.41,-42.07,-41.43,-42.33,-39.61,-44.57,-43.09,-44.28,-43.98,-45.21,-46.62,-47.44,-47.93,-43.63,-39.86,-38.69,-38.54,-41.21,-43.79,-41.13,-45.25,-47.82,-42.95,-41.51,-39.31
36.45,33.98,33.53,33.06,36.30,39.56,33.86,35.83,31.37,34.42,38.60,35.06,33.50,30.75,40.92,42.19,38.96,36.47,40.61,37.55,37.97,37.26,33.86,36.34,35.51,34.74,36.02,37.06,36.60,33.98,34.13,37.71,38.90,40.46,34.42,34.76,38.14,34.42,31.53,36.29,-49.45,-46.41,-49.00,-38.69,-45.78,-41.91,-46.58,-35.13,-46.51,-38.42,-34.65,-43.04,-40.62,-44.38,-40.41,-47.31,-42.11,-41.40,-42.39,-39.58,-44.62,-43.00,-44.38,-44.03,-45.14,-46.54,-47.44,-47.96,-43.64,-39.73,-38.66,-38.49,-41.14,-43.94,-41.19,-45.21,-47.78,-42.97,-41.47,-39.31
40.10,37.30,36.88,36.30,39.96,43.50,37.26,39.38,34.44,37.78,42.46,38.52,36.78,33.86,45.12,46.52,42.94,40.12,44.62,41.34,41.66,41.00,37.40,39.86,38.94,38.08,39.56,40.74,40.24,37.30,37.44,41.42,42.88,44.62,37.78,38.24,41.96,37.78,34.66,39.88,-53.38,-50.12,-52.82,-41.64,-49.32,-45.14,-50.28,-37.96,-50.14,-41.46,-37.30,-46.48,-43.72,-47.80,-43.74,-51.10,-45.40,-44.66,-45.52,-42.68,-48.10,-46.44,-47.66,-47.40,-48.72,-50.24,-51.08,-51.64,-47.04,-42.96,-41.68,-41.52,-44.42,-47.18,-44.40,-48.86,-51.54,-46.20,-44.80,-42.36
43.65,40.62,40.15,39.56,43.50,47.42,40.60,42.89,37.53,41.14,46.22,41.98,40.04,36.83,49.04,50.65,46.74,43.69,48.61,45.03,45.39,44.68,40.66,43.50,42.49,41.50,43.14,44.36,43.80,40.66,40.81,45.13,46.66,48.54,41.14,41.60,45.64,41.14,37.75,43.43,-58.83,-55.29,-58.28,-45.99,-54.44,-49.87,-55.52,-41.83,-55.29,-45.80,-41.15,-51.30,-48.18,-52.80,-48.19,-56.31,-50.19,-49.22,-50.31,-47.06,-53.22,-51.18,-52.70,-52.33,-53.70,-55.38,-56.36,-57.06,-51.96,-47.27,-45.96,-45.75,-48.96,-52.24,-49.11,-53.95,-56.86,-50.99,-49.43,-46.77
37.38,34.76,34.38,33.86,37.26,40.60,34.77,36.72,32.12,35.21,39.58,35.94,34.27,31.55,42.02,43.40,40.04,37.41,41.61,38.57,38.84,38.26,34.86,37.21,36.36,35.50,36.92,37.98,37.50,34.80,34.92,38.62,39.99,41.60,35.21,35.62,39.08,35.21,32.32,37.18,-50.08,-47.07,-49.59,-39.11,-46.31,-42.43,-47.26,-35.62,-47.05,-38.98,-35.00,-43.67,-40.98,-44.92,-41.05,-47.94,-42.71,-41.90,-42.75,-40.05,-45.28,-43.57,-44.79,-44.52,-45.71,-47.14,-47.94,-48.53,-44.21,-40.26,-39.11,-38.94,-41.68,-44.40,-41.79,-45.94,-48.39,-43.35,-42.09,-39.79
39.54,36.84,36.37,35.83,39.38,42.89,36.72,38.85,34.00,37.31,41.87,38.00,36.32,33.37,44.44,45.79,42.29,39.56,44.03,40.73,41.15,40.41,36.78,39.37,38.45,37.64,39.04,40.19,39.70,36.82,36.98,40.89,42.21,43.92,37.31,37.72,41.39,37.31,34.19,39.35,-53.21,-49.93,-52.69,-41.58,-49.22,-45.03,-50.09,-37.81,-50.02,-41.31,-37.25,-46.30,-43.68,-47.69,-43.52,-50.92,-45.25,-44.53,-45.53,-42.57,-47.94,-46.28,-47.65,-47.31,-48.57,-50.08,-51.00,-51.54,-46.91,-42.79,-41.58,-41.41,-44.27,-47.15,-44.25,-48.63,-51.39,-46.18,-44.61,-42.26
34.59,32.26,31.82,31.37,34.44,37.53,32.12,34.00,29.77,32.67,36.63,33.26,31.80,29.18,38.84,40.02,36.97,34.61,38.54,35.62,36.04,35.35,32.12,34.49,33.68,32.98,34.18,35.17,34.74,32.24,32.39,35.80,36.89,38.38,32.67,33.00,36.21,32.67,29.92,34.44,-46.94,-44.04,-46.51,-36.73,-43.46,-39.76,-44.19,-33.34,-44.15,-36.45,-32.90,-40.84,-38.58,-42.11,-38.35,-44.91,-39.94,-39.29,-40.26,-37.57,-42.32,-40.82,-42.13,-41.78,-42.85,-44.18,-45.04,-45.52,-41.41,-37.72,-36.70,-36.54,-39.05,-41.69,-39.06,-42.88,-45.35,-40.81,-39.34,-37.31
37.96,35.43,34.92,34.42,37.78,41.14,35.21,37.31,32.67,35.88,40.20,36.48,34.93,32.03,42.64,43.86,40.54,37.97,42.29,39.05,39.57,38.75,35.22,37.82,36.93,36.22,37.48,38.60,38.14,35.37,35.55,39.29,40.45,42.09,35.88,36.24,39.77,35.88,32.83,37.80,-51.41,-48.18,-50.92,-40.21,-47.58,-43.49,-48.31,-36.50,-48.36,-39.84,-36.05,-44.66,-42.32,-46.07,-41.96,-49.18,-43.64,-43.04,-44.10,-41.15,-46.21,-44.70,-46.12,-45.74,-46.93,-48.38,-49.34,-49.80,-45.29,-41.34,-40.20,-40.04,-42.76,-45.58,-42.66,-46.85,-49.64,-44.73,-43.02,-40.83
42.63,39.70,39.21,38.60,42.46,46.22,39.58,41.87,36.63,40.20,45.14,40.94,39.14,35.99,47.96,49.39,45.62,42.65,47.45,43.91,44.33,43.56,39.70,42.40,41.39,40.54,42.06,43.32,42.80,39.66,39.83,44.07,45.52,47.38,40.20,40.68,44.64,40.20,36.85,42.41,-56.97,-53.45,-56.38,-44.47,-52.66,-48.15,-53.60,-40.49,-53.53,-44.20,-39.85,-49.56,-46.74,-51.00,-46.63,-54.53,-48.39,-47.66,-48.67,-45.56,-51.26,-49.56,-50.92,-50.59,-52.00,-53.62,-54.56,-55.12,-50.18,-45.85,-44.50,-44.33,-47.40,-50.36,-47.31,-52.05,-55.00,-49.39,-47.75,-45.21
38.66,36.00,35.56,35.06,38.52,41.98,35.94,38.00,33.26,36.48,40.94,37.20,35.50,32.62,43.40,44.80,41.34,38.68,43.06,39.86,40.24,39.54,35.96,38.52,37.68,36.80,38.20,39.30,38.80,36.04,36.18,39.96,41.32,42.96,36.48,36.84,40.42,36.48,33.44,38.48,-52.28,-49.10,-51.80,-40.88,-48.38,-44.34,-49.30,-37.16,-49.16,-40.66,-36.60,-45.54,-42.88,-46.94,-42.76,-50.02,-44.58,-43.78,-44.74,-41.84,-47.24,-45.46,-46.88,-46.56,-47.72,-49.20,-50.12,-50.70,-46.16,-42.00,-40.86,-40.68,-43.50,-46.46,-43.62,-47.88,-50.52,-45.36,-43.90,-41.56
36.96,34.50,34.00,33.50,36.78,40.04,34.27,36.32,31.80,34.93,39.14,35.50,34.01,31.19,41.54,42.70,39.48,36.97,41.17,38.01,38.52,37.72,34.30,36.81,35.92,35.26,36.48,37.58,37.14,34.42,34.60,38.26,39.37,40.98,34.93,35.30,38.74,34.93,31.96,36.80,-49.92,-46.77,-49.43,-39.03,-46.19,-42.19,-46.88,-35.44,-46.95,-38.66,-35.00,-43.35,-41.10,-44.70,-40.75,-47.76,-42.33,-41.78,-42.81,-39.95,-44.82,-43.41,-44.75,-44.38,-45.57,-46.98,-47.90,-48.33,-43.95,-40.16,-39.03,-38.88,-41.52,-44.20,-41.37,-45.46,-48.19,-43.43,-41.75,-39.63
33.99,31.63,31.26,30.75,33.86,36.83,31.55,33.37,29.18,32.03,35.99,32.62,31.19,28.71,38.28,39.40,36.39,34.00,37.81,35.01,35.31,34.72,31.70,33.75,32.95,32.28,33.50,34.53,34.12,31.59,31.72,35.11,36.32,37.81,32.03,32.44,35.60,32.03,29.37,33.80,-45.01,-42.22,-44.51,-35.08,-41.56,-37.99,-42.32,-32.00,-42.27,-34.89,-31.45,-39.14,-36.90,-40.24,-36.87,-43.09,-38.18,-37.65,-38.36,-35.98,-40.43,-39.16,-40.13,-39.92,-41.08,-42.36,-43.06,-43.48,-39.60,-36.26,-35.14,-35.02,-37.45,-39.67,-37.32,-41.11,-43.43,-38.96,-37.72,-35.68
45.30,42.14,41.66,40.92,45.12,49.04,42.02,44.44,38.84,42.64,47.96,43.40,41.54,38.28,51.12,52.54,48.56,45.32,50.36,46.64,47.00,46.26,42.32,44.92,43.76,42.96,44.60,46.00,45.48,42.02,42.20,46.80,48.38,50.42,42.64,43.28,47.50,42.64,39.12,45.02,-59.32,-55.62,-58.60,-46.16,-54.72,-49.92,-55.70,-42.18,-55.66,-45.92,-41.40,-51.56,-48.60,-52.90,-48.66,-56.82,-50.18,-49.56,-50.46,-47.38,-53.14,-51.64,-52.72,-52.46,-54.14,-55.84,-56.68,-57.20,-52.10,-47.86,-46.28,-46.14,-49.36,-52.04,-49.02,-54.12,-57.20,-51.28,-49.66,-46.96
46.65,43.31,42.90,42.19,46.52,50.65,43.40,45.79,40.02,43.86,49.39,44.80,42.70,39.40,52.54,54.26,50.05,46.69,51.88,48.16,48.37,47.76,43.64,46.34,45.25,44.18,46.02,47.37,46.78,43.35,43.48,48.15,49.97,52.01,43.86,44.46,48.78,43.86,40.31,46.36,-61.59,-57.91,-60.92,-47.99,-56.87,-52.08,-58.12,-43.84,-57.80,-47.93,-42.95,-53.73,-50.28,-55.14,-50.60,-58.99,-52.47,-51.49,-52.37,-49.21,-55.63,-53.61,-54.86,-54.62,-56.21,-57.98,-58.84,-59.57,-54.31,-49.58,-48.05,-47.86,-51.27,-54.37,-51.33,-56.55,-59.48,-53.15,-51.79,-48.87
43.09,40.06,39.63,38.96,42.94,46.74,40.04,42.29,36.97,40.54,45.62,41.34,39.48,36.39,48.56,50.05,46.22,43.13,47.93,44.43,44.71,44.08,40.26,42.82,41.73,40.86,42.50,43.76,43.24,40.02,40.17,44.53,46.06,47.98,40.54,41.12,45.12,40.54,37.23,42.83,-56.95,-53.49,-56.32,-44.39,-52.60,-48.07,-53.64,-40.51,-53.45,-44.24,-39.75,-49.62,-46.58,-50.92,-46.75,-54.55,-48.39,-47.58,-48.51,-45.50,-51.30,-49.58,-50.74,-50.45,-51.98,-53.62,-54.44,-55.06,-50.16,-45.87,-44.44,-44.27,-47.40,-50.20,-47.31,-52.15,-54.98,-49.23,-47.79,-45.17
40.28,37.51,37.05,36.47,40.12,43.69,37.41,39.56,34.61,37.97,42.65,38.68,36.97,34.00,45.32,46.69,43.13,40.31,44.84,41.50,41.88,41.18,37.52,40.09,39.10,38.30,39.76,40.93,40.44,37.47,37.63,41.66,43.00,44.77,37.97,38.44,42.18,37.97,34.82,40.07,-53.90,-50.59,-53.35,-42.09,-49.84,-45.56,-50.74,-38.31,-50.64,-41.85,-37.70,-46.92,-44.20,-48.26,-44.14,-51.60,-45.81,-45.07,-46.07,-43.10,-48.55,-46.90,-48.19,-47.85,-49.20,-50.74,-51.62,-52.18,-47.50,-43.37,-42.10,-41.93,-44.85,-47.67,-44.79,-49.28,-52.05,-46.73,-45.19,-42.79
44.81,41.77,41.22,40.61,44.62,48.61,41.61,44.03,38.54,42.29,47.45,43.06,41.17,37.81,50.36,51.88,47.93,44.84,49.91,46.15,46.65,45.80,41.66,44.65,43.57,42.68,44.26,45.55,45.00,41.73,41.92,46.37,47.80,49.75,42.29,42.76,46.92,42.29,38.75,44.60,-60.47,-56.74,-59.89,-47.28,-55.96,-51.17,-56.92,-42.96,-56.85,-46.95,-42.35,-52.62,-49.66,-54.20,-49.45,-57.87,-51.42,-50.59,-51.80,-48.38,-54.49,-52.60,-54.19,-53.76,-55.20,-56.92,-57.98,-58.60,-53.32,-48.62,-47.26,-47.06,-50.31,-53.61,-50.28,-55.25,-58.41,-52.52,-50.68,-48.04
41.47,38.55,38.14,37.55,41.34,45.03,38.57,40.73,35.62,39.05,43.91,39.86,38.01,35.01,46.64,48.16,44.43,41.50,46.15,42.79,43.07,42.44,38.70,41.25,40.31,39.36,40.94,42.13,41.60,38.59,38.72,42.83,44.38,46.17,39.05,39.52,43.36,39.05,35.85,41.24,-55.33,-52.00,-54.77,-43.18,-51.14,-46.85,-52.20,-39.36,-51.97,-43.05,-38.65,-48.24,-45.26,-49.60,-45.37,-52.97,-47.16,-46.29,-47.18,-44.24,-49.99,-48.14,-49.43,-49.16,-50.50,-52.08,-52.94,-53.58,-48.82,-44.50,-43.20,-43.02,-46.05,-48.99,-46.14,-50.75,-53.45,-47.86,-46.50,-43.94
41.86,39.08,38.51,37.97,41.66,45.39,38.84,41.15,36.04,39.57,44.33,40.24,38.52,35.31,47.00,48.37,44.71,41.88,46.65,43.07,43.65,42.75,38.82,41.75,40.75,39.96,41.36,42.57,42.06,39.02,39.22,43.35,44.59,46.40,39.57,39.96,43.85,39.57,36.21,41.69,-56.95,-53.39,-56.43,-44.58,-52.74,-48.21,-53.55,-40.43,-53.58,-44.17,-39.95,-49.50,-46.88,-51.07,-46.48,-54.48,-48.39,-47.67,-48.91,-45.59,-51.26,-49.52,-51.15,-50.69,-51.99,-53.60,-54.68,-55.22,-50.21,-45.77,-44.54,-44.35,-47.37,-50.57,-47.31,-51.93,-55.01,-49.58,-47.67,-45.26
41.14,38.27,37.84,37.26,41.00,44.68,38.26,40.41,35.35,38.75,43.56,39.54,37.72,34.72,46.26,47.76,44.08,41.18,45.80,42.44,42.75,42.11,38.36,40.97,39.99,39.08,40.64,41.80,41.28,38.29,38.43,42.53,43.98,45.77,38.75,39.22,43.03,38.75,35.57,40.92,-55.15,-51.83,-54.61,-43.08,-51.01,-46.70,-52.03,-39.22,-51.81,-42.92,-38.55,-48.09,-45.14,-49.45,-45.21,-52.80,-47.01,-46.12,-47.11,-44.10,-49.85,-47.99,-49.33,-49.00,-50.34,-51.92,-52.80,-53.45,-48.68,-44.34,-43.07,-42.88,-45.90,-48.88,-45.99,-50.57,-53.29,-47.76,-46.33,-43.82
37.50,34.78,34.48,33.86,37.40,40.66,34.86,36.78,32.12,35.22,39.70,35.96,34.30,31.70,42.32,43.64,40.26,37.52,41.66,38.70,38.82,38.36,35.16,37.14,36.26,35.44,36.92,38.06,37.60,34.78,34.88,38.66,40.20,41.86,35.22,35.76,39.24,35.22,32.38,37.24,-48.70,-45.76,-48.10,-37.84,-44.88,-41.06,-45.88,-34.68,-45.66,-37.82,-33.90,-42.44,-39.72,-43.48,-40.06,-46.66,-41.36,-40.70,-41.24,-38.88,-43.82,-42.40,-43.18,-43.08,-44.44,-45.84,-46.44,-46.96,-42.84,-39.28,-37.96,-37.84,-40.54,-42.74,-40.44,-44.66,-46.98,-41.92,-40.92,-38.56
40.04,37.37,36.84,36.34,39.86,43.50,37.21,39.37,34.49,37.82,42.40,38.52,36.81,33.75,44.92,46.34,42.82,40.09,44.65,41.25,41.75,40.97,37.14,40.04,39.03,38.22,39.64,40.72,40.22,37.35,37.53,41.51,42.65,44.39,37.82,38.20,41.91,37.82,34.65,39.88,-54.95,-51.60,-54.50,-43.09,-50.96,-46.61,-51.81,-39.02,-51.70,-42.76,-38.55,-47.88,-45.16,-49.37,-44.90,-52.58,-46.86,-45.96,-47.28,-43.99,-49.71,-47.80,-49.46,-48.94,-50.17,-51.74,-52.78,-53.42,-48.57,-44.10,-42.98,-42.76,-45.72,-48.98,-45.84,-50.27,-53.14,-47.85,-46.08,-43.75
39.08,36.42,35.95,35.51,38.94,42.49,36.36,38.45,33.68,36.93,41.39,37.68,35.92,32.95,43.76,45.25,41.73,39.10,43.57,40.31,40.75,39.99,36.26,39.03,38.25,37.28,38.68,39.75,39.22,36.52,36.66,40.41,41.77,43.38,36.93,37.20,40.81,36.93,33.83,38.93,-53.69,-50.45,-53.27,-42.08,-49.76,-45.69,-50.71,-38.15,-50.54,-41.83,-37.65,-46.80,-44.08,-48.35,-43.84,-51.34,-45.93,-45.01,-46.09,-43.01,-48.68,-46.66,-48.35,-47.97,-49.01,-50.52,-51.56,-52.20,-47.51,-43.05,-42.00,-41.79,-44.67,-47.99,-44.97,-49.23,-51.93,-46.68,-45.13,-42.76
38.28,35.78,35.22,34.74,38.08,41.50,35.50,37.64,32.98,36.22,40.54,36.80,35.26,32.28,42.96,44.18,40.86,38.30,42.68,39.36,39.96,39.08,35.44,38.22,37.28,36.60,37.84,38.94,38.48,35.70,35.90,39.68,40.72,42.38,36.22,36.56,40.12,36.22,33.12,38.14,-52.40,-49.10,-51.94,-41.06,-48.56,-44.36,-49.24,-37.18,-49.32,-40.62,-36.80,-45.52,-43.20,-47.00,-42.72,-50.12,-44.50,-43.86,-45.10,-41.96,-47.14,-45.56,-47.14,-46.66,-47.84,-49.32,-50.36,-50.84,-46.20,-42.10,-41.00,-40.82,-43.58,-46.58,-43.50,-47.72,-50.62,-45.70,-43.82,-41.66
39.72,37.02,36.54,36.02,39.56,43.14,36.92,39.04,34.18,37.48,42.06,38.20,36.48,33.50,44.60,46.02,42.50,39.76,44.26,40.94,41.36,40.64,36.92,39.64,38.68,37.84,39.28,40.38,39.88,37.02,37.18,41.12,42.38,44.10,37.48,37.88,41.56,37.48,34.36,39.54,-53.96,-50.68,-53.48,-42.24,-49.98,-45.74,-50.88,-38.34,-50.74,-41.98,-37.80,-47.02,-44.28,-48.44,-44.14,-51.64,-46.00,-45.14,-46.28,-43.18,-48.78,-46.94,-48.44,-48.02,-49.26,-50.80,-51.76,-52.38,-47.66,-43.34,-42.18,-41.98,-44.90,-47.98,-45.00,-49.40,-52.16,-46.88,-45.28,-42.92
40.91,38.12,37.63,37.06,40.74,44.36,37.98,40.19,35.17,38.60,43.32,39.30,37.58,34.53,46.00,47.37,43.76,40.93,45.55,42.13,42.57,41.80,38.06,40.72,39.75,38.94,40.38,41.58,41.08,38.08,38.25,42.31,43.66,45.44,38.60,39.04,42.84,38.60,35.37,40.71,-54.93,-51.53,-54.38,-42.91,-50.80,-46.45,-51.68,-39.03,-51.63,-42.62,-38.45,-47.78,-45.10,-49.20,-44.93,-52.57,-46.67,-45.96,-46.99,-43.94,-49.44,-47.78,-49.16,-48.81,-50.14,-51.70,-52.64,-53.18,-48.40,-44.19,-42.92,-42.75,-45.70,-48.62,-45.63,-50.17,-53.04,-47.67,-46.03,-43.61
40.42,37.68,37.18,36.60,40.24,43.80,37.50,39.70,34.74,38.14,42.80,38.80,37.14,34.12,45.48,46.78,43.24,40.44,45.00,41.60,42.06,41.28,37.60,40.22,39.22,38.48,39.88,41.08,40.60,37.60,37.78,41.82,43.10,44.88,38.14,38.60,42.36,38.14,34.94,40.22,-54.14,-50.76,-53.58,-42.28,-50.06,-45.72,-50.88,-38.46,-50.88,-41.96,-37.90,-47.06,-44.48,-48.44,-44.28,-51.82,-45.92,-45.28,-46.32,-43.30,-48.64,-47.10,-48.42,-48.06,-49.42,-50.96,-51.88,-52.38,-47.66,-43.58,-42.30,-42.14,-45.04,-47.84,-44.88,-49.38,-52.26,-47.00,-45.32,-42.96
37.45,34.91,34.45,33.98,37.30,40.66,34.80,36.82,32.24,35.37,39.66,36.04,34.42,31.59,42.02,43.35,40.02,37.47,41.73,38.59,39.02,38.29,34.78,37.35,36.52,35.70,37.02,38.08,37.60,34.93,35.08,38.74,39.98,41.57,35.37,35.70,39.17,35.37,32.40,37.29,-50.94,-47.82,-50.49,-39.87,-47.17,-43.21,-48.01,-36.19,-47.92,-39.60,-35.70,-44.35,-41.84,-45.75,-41.62,-48.73,-43.42,-42.66,-43.68,-40.78,-46.01,-44.29,-45.75,-45.39,-46.50,-47.94,-48.88,-49.43,-44.98,-40.91,-39.83,-39.65,-42.38,-45.32,-42.48,-46.60,-49.23,-44.27,-42.74,-40.51
37.61,35.10,34.60,34.13,37.44,40.81,34.92,36.98,32.39,35.55,39.83,36.18,34.60,31.72,42.20,43.48,40.17,37.63,41.92,38.72,39.22,38.43,34.88,37.53,36.66,35.90,37.18,38.25,37.78,35.08,35.25,38.94,40.09,41.70,35.55,35.88,39.37,35.55,32.54,37.46,-51.32,-48.14,-50.87,-40.19,-47.54,-43.50,-48.31,-36.44,-48.29,-39.85,-36.00,-44.64,-42.22,-46.07,-41.89,-49.09,-43.68,-42.97,-44.08,-41.09,-46.28,-44.62,-46.13,-45.72,-46.85,-48.30,-49.28,-49.80,-45.29,-41.22,-40.14,-39.96,-42.69,-45.65,-42.72,-46.86,-49.59,-44.67,-43.00,-40.81
41.62,38.84,38.29,37.71,41.42,45.13,38.62,40.89,35.80,39.29,44.07,39.96,38.26,35.11,46.80,48.15,44.53,41.66,46.37,42.83,43.35,42.53,38.66,41.51,40.41,39.68,41.12,42.31,41.82,38.74,38.94,43.13,44.31,46.16,39.29,39.76,43.63,39.29,35.99,41.43,-56.29,-52.79,-55.75,-44.04,-52.12,-47.57,-52.93,-39.97,-52.92,-43.67,-39.45,-48.96,-46.28,-50.41,-46.02,-53.88,-47.79,-47.05,-48.31,-45.03,-50.66,-48.98,-50.47,-49.99,-51.39,-53.00,-54.00,-54.56,-49.61,-45.27,-44.00,-43.81,-46.83,-49.87,-46.71,-51.35,-54.37,-48.96,-47.11,-44.72
42.99,39.90,39.53,38.90,42.88,46.66,39.99,42.21,36.89,40.45,45.52,41.32,39.37,36.32,48.38,49.97,46.06,43.00,47.80,44.38,44.59,43.98,40.20,42.65,41.77,40.72,42.38,43.66,43.10,39.98,40.09,44.31,46.11,47.94,40.45,40.94,44.92,40.45,37.15,42.73,-56.71,-53.30,-56.09,-44.16,-52.33,-48.00,-53.50,-40.37,-53.24,-44.10,-39.55,-49.43,-46.32,-50.80,-46.54,-54.29,-48.32,-47.48,-48.16,-45.33,-51.18,-49.33,-50.51,-50.37,-51.75,-53.36,-54.18,-54.81,-49.99,-45.65,-44.25,-44.09,-47.20,-50.08,-47.28,-52.05,-54.75,-48.92,-47.70,-44.98
44.75,41.55,41.15,40.46,44.62,48.54,41.60,43.92,38.38,42.09,47.38,42.96,40.98,37.81,50.42,52.01,47.98,44.77,49.75,46.17,46.40,45.77,41.86,44.39,43.38,42.38,44.10,45.44,44.88,41.57,41.70,46.16,47.94,49.89,42.09,42.66,46.81,42.09,38.66,44.47,-58.80,-55.24,-58.13,-45.77,-54.25,-49.67,-55.41,-41.85,-55.18,-45.68,-41.00,-51.23,-48.04,-52.59,-48.28,-56.31,-50.00,-49.18,-49.94,-46.98,-52.97,-51.17,-52.31,-52.13,-53.66,-55.34,-56.16,-56.79,-51.78,-47.37,-45.87,-45.71,-48.94,-51.80,-48.90,-53.90,-56.75,-50.73,-49.40,-46.61
37.96,35.43,34.92,34.42,37.78,41.14,35.21,37.31,32.67,35.88,40.20,36.48,34.93,32.03,42.64,43.86,40.54,37.97,42.29,39.05,39.57,38.75,35.22,37.82,36.93,36.22,37.48,38.60,38.14,35.37,35.55,39.29,40.45,42.09,35.88,36.24,39.77,35.88,32.83,37.80,-51.41,-48.18,-50.92,-40.21,-47.58,-43.49,-48.31,-36.50,-48.36,-39.84,-36.05,-44.66,-42.32,-46.07,-41.96,-49.18,-43.64,-43.04,-44.10,-41.15,-46.21,-44.70,-46.12,-45.74,-46.93,-48.38,-49.34,-49.80,-45.29,-41.34,-40.20,-40.04,-42.76,-45.58,-42.66,-46.85,-49.64,-44.73,-43.02,-40.83
38.42,35.82,35.34,34.76,38.24,41.60,35.62,37.72,33.00,36.24,40.68,36.84,35.30,32.44,43.28,44.46,41.12,38.44,42.76,39.52,39.96,39.22,35.76,38.20,37.20,36.56,37.88,39.04,38.60,35.70,35.88,39.76,40.94,42.66,36.24,36.72,40.30,36.24,33.20,38.22,-51.16,-47.94,-50.60,-39.92,-47.28,-43.12,-48.02,-36.34,-48.06,-39.60,-35.80,-44.44,-42.04,-45.70,-41.86,-48.98,-43.30,-42.76,-43.74,-40.90,-45.86,-44.52,-45.68,-45.34,-46.70,-48.16,-49.00,-49.44,-44.98,-41.22,-39.96,-39.82,-42.56,-45.08,-42.30,-46.60,-49.36,-44.40,-42.78,-40.56
42.16,39.31,38.78,38.14,41.96,45.64,39.08,41.39,36.21,39.77,44.64,40.42,38.74,35.60,47.50,48.78,45.12,42.18,46.92,43.36,43.85,43.03,39.24,41.91,40.81,40.12,41.56,42.84,42.36,39.17,39.37,43.63,44.92,46.81,39.77,40.30,44.23,39.77,36.43,41.94,-56.09,-52.55,-55.47,-43.76,-51.83,-47.26,-52.63,-39.84,-52.69,-43.40,-39.25,-48.71,-46.10,-50.09,-45.89,-53.70,-47.45,-46.88,-47.95,-44.84,-50.25,-48.81,-50.07,-49.70,-51.20,-52.80,-53.72,-54.19,-49.30,-45.20,-43.81,-43.66,-46.66,-49.40,-46.35,-51.07,-54.11,-48.68,-46.89,-44.46
37.96,35.43,34.92,34.42,37.78,41.14,35.21,37.31,32.67,35.88,40.20,36.48,34.93,32.03,42.64,43.86,40.54,37.97,42.29,39.05,39.57,38.75,35.22,37.82,36.93,36.22,37.48,38.60,38.14,35.37,35.55,39.29,40.45,42.09,35.88,36.24,39.77,35.88,32.83,37.80,-51.41,-48.18,-50.92,-40.21,-47.58,-43.49,-48.31,-36.50,-48.36,-39.84,-36.05,-44.66,-42.32,-46.07,-41.96,-49.18,-43.64,-43.04,-44.10,-41.15,-46.21,-44.70,-46.12,-45.74,-46.93,-48.38,-49.34,-49.80,-45.29,-41.34,-40.20,-40.04,-42.76,-45.58,-42.66,-46.85,-49.64,-44.73,-43.02,-40.83
34.80,32.42,32.01,31.53,34.66,37.75,32.32,34.19,29.92,32.83,36.85,33.44,31.96,29.37,39.12,40.31,37.23,34.82,38.75,35.85,36.21,35.57,32.38,34.65,33.83,33.12,34.36,35.37,34.94,32.40,32.54,35.99,37.15,38.66,32.83,33.20,36.43,32.83,30.09,34.63,-46.79,-43.91,-46.33,-36.56,-43.28,-39.59,-44.05,-33.25,-43.98,-36.33,-32.75,-40.72,-38.40,-41.93,-38.28,-44.78,-39.79,-39.15,-40.03,-37.43,-42.16,-40.70,-41.89,-41.59,-42.71,-44.04,-44.84,-45.32,-41.25,-37.63,-36.56,-36.41,-38.93,-41.45,-38.91,-42.77,-45.19,-40.60,-39.23,-37.16
40.05,37.33,36.84,36.29,39.88,43.43,37.18,39.35,34.44,37.80,42.41,38.48,36.80,33.80,45.02,46.36,42.83,40.07,44.60,41.24,41.69,40.92,37.24,39.88,38.93,38.14,39.54,40.71,40.22,37.29,37.46,41.43,42.73,44.47,37.80,38.22,41.94,37.80,34.63,39.86,-53.91,-50.57,-53.38,-42.13,-49.87,-45.60,-50.72,-38.30,-50.68,-41.83,-37.75,-46.89,-44.28,-48.30,-44.08,-51.59,-45.81,-45.11,-46.15,-43.13,-48.53,-46.89,-48.28,-47.92,-49.21,-50.74,-51.68,-52.21,-47.51,-43.36,-42.13,-41.96,-44.85,-47.75,-44.79,-49.23,-52.06,-46.81,-45.17,-42.81
-53.76,-50.76,-49.53,-49.45,-53.38,-58.83,-50.08,-53.21,-46.94,-51.41,-56.97,-52.28,-49.92,-45.01,-59.32,-61.59,-56.95,-53.90,-60.47,-55.33,-56.95,-55.15,-48.70,-54.95,-53.69,-52.40,-53.96,-54.93,-54.14,-50.94,-51.32,-56.29,-56.71,-58.80,-51.41,-51.16,-56.09,-51.41,-46.79,-53.91,83.29,78.29,83.35,66.48,78.18,71.83,78.99,58.89,78.92,65.33,59.25,72.74,69.24,76.03,67.22,79.46,72.05,69.91,73.69,67.07,76.62,72.28,77.23,75.43,76.11,78.44,81.08,82.38,74.53,66.07,65.58,64.97,69.25,76.85,70.65,76.27,81.01,73.96,69.89,67.12
-50.44,-47.56,-46.47,-46.41,-50.12,-55.29,-47.07,-49.93,-44.04,-48.18,-53.45,-49.10,-46.77,-42.22,-55.62,-57.91,-53.49,-50.59,-56.74,-52.00,-53.39,-51.83,-45.76,-51.60,-50.45,-49.10,-50.68,-51.53,-50.76,-47.82,-48.14,-52.79,-53.30,-55.24,-48.18,-47.94,-52.55,-48.18,-43.91,-50.57,78.29,73.70,78.38,62.51,73.51,67.64,74.43,55.39,74.17,61.57,55.65,68.51,64.94,71.57,63.27,74.70,67.94,65.71,69.22,63.04,72.30,67.95,72.62,70.95,71.54,73.74,76.18,77.53,70.18,62.05,61.63,61.03,65.11,72.39,66.66,71.93,76.20,69.43,65.84,63.15
-53.20,-50.27,-49.02,-49.00,-52.82,-58.28,-49.59,-52.69,-46.51,-50.92,-56.38,-51.80,-49.43,-44.51,-58.60,-60.92,-56.32,-53.35,-59.89,-54.77,-56.43,-54.61,-48.10,-54.50,-53.27,-51.94,-53.48,-54.38,-53.58,-50.49,-50.87,-55.75,-56.09,-58.13,-50.92,-50.60,-55.47,-50.92,-46.33,-53.38,83.35,78.38,83.48,66.63,78.32,72.01,79.13,58.92,79.02,65.46,59.35,72.84,69.32,76.21,67.22,79.50,72.24,69.98,73.90,67.15,76.85,72.32,77.48,75.60,76.17,78.50,81.22,82.58,74.69,66.04,65.66,65.02,69.30,77.16,70.86,76.39,81.12,74.11,69.98,67.25
-41.96,-39.71,-38.67,-38.69,-41.64,-45.99,-39.11,-41.58,-36.73,-40.21,-44.47,-40.88,-39.03,-35.08,-46.16,-47.99,-44.39,-42.09,-47.28,-43.18,-44.58,-43.08,-37.84,-43.09,-42.08,-41.06,-42.24,-42.91,-42.28,-39.87,-40.19,-44.04,-44.16,-45.77,-40.21,-39.92,-43.76,-40.21,-36.56,-42.13,66.48,62.51,66.63,53.23,62.54,57.48,63.12,46.97,63.06,52.23,47.40,58.10,55.36,60.84,53.56,63.40,57.65,55.81,59.11,53.58,61.35,57.68,61.95,60.35,60.76,62.62,64.86,65.96,59.62,52.63,52.40,51.87,55.27,61.69,56.55,60.90,64.73,59.23,55.79,53.69
-49.69,-46.99,-45.79,-45.78,-49.32,-54.44,-46.31,-49.22,-43.46,-47.58,-52.66,-48.38,-46.19,-41.56,-54.72,-56.87,-52.60,-49.84,-55.96,-51.14,-52.74,-51.01,-44.88,-50.96,-49.76,-48.56,-49.98,-50.80,-50.06,-47.17,-47.54,-52.12,-52.33,-54.25,-47.58,-47.28,-51.83,-47.58,-43.28,-49.87,78.18,73.51,78.32,62.54,73.50,67.54,74.21,55.25,74.13,61.40,55.70,68.32,65.06,71.49,63.03,74.57,67.75,65.62,69.41,62.99,72.09,67.84,72.74,70.91,71.45,73.64,76.22,77.50,70.07,61.93,61.60,60.99,65.00,72.42,66.45,71.62,76.10,69.58,65.61,63.10
-45.43,-42.89,-41.86,-41.91,-45.14,-49.87,-42.43,-45.03,-39.76,-43.49,-48.15,-44.34,-42.19,-37.99,-49.92,-52.08,-48.07,-45.56,-51.17,-46.85,-48.21,-46.70,-41.06,-46.61,-45.69,-44.36,-45.74,-46.45,-45.72,-43.21,-43.50,-47.57,-48.00,-49.67,-43.49,-43.12,-47.26,-43.49,-39.59,-45.60,71.83,67.64,72.01,57.48,67.54,62.27,68.38,50.80,68.13,56.57,51.15,62.88,59.66,65.86,57.93,68.49,62.52,60.37,63.70,57.90,66.53,62.30,66.91,65.32,65.64,67.64,70.02,71.30,64.52,56.82,56.60,56.02,59.73,66.79,61.38,66.05,69.97,63.84,60.46,58.04
-50.58,-47.67,-46.60,-46.58,-50.28,-55.52,-47.26,-50.09,-44.19,-48.31,-53.60,-49.30,-46.88,-42.32,-55.70,-58.12,-53.64,-50.74,-56.92,-52.20,-53.55,-52.03,-45.88,-51.81,-50.71,-49.24,-50.88,-51.68,-50.88,-48.01,-48.31,-52.93,-53.50,-55.41,-48.31,-48.02,-52.63,-48.31,-44.05,-50.72,78.99,74.43,79.13,63.12,74.21,68.38,75.23,55.90,74.85,62.24,56.15,69.21,65.46,72.33,63.85,75.36,68.73,66.32,69.87,63.62,73.17,68.55,73.37,71.68,72.18,74.40,76.88,78.33,70.92,62.54,62.19,61.56,65.70,73.24,67.47,72.73,76.93,70.04,66.53,63.78
-38.21,-36.03,-35.20,-35.13,-37.96,-41.83,-35.62,-37.81,-33.34,-36.50,-40.49,-37.16,-35.44,-32.00,-42.18,-43.84,-40.51,-38.31,-42.96,-39.36,-40.43,-39.22,-34.68,-39.02,-38.15,-37.18,-38.34,-39.03,-38.46,-36.19,-36.44,-39.97,-40.37,-41.85,-36.50,-36.34,-39.84,-36.50,-33.25,-38.30,58.89,55.39,58.92,46.97,55.25,50.80,55.90,41.66,55.78,46.23,41.85,51.47,48.88,53.76,47.58,56.19,50.99,49.43,52.01,47.41,54.23,51.11,54.54,53.32,53.81,55.46,57.28,58.23,52.71,46.72,46.35,45.92,48.97,54.31,50.01,54.01,57.28,52.21,49.47,47.45
-50.51,-47.74,-46.54,-46.51,-50.14,-55.29,-47.05,-50.02,-44.15,-48.36,-53.53,-49.16,-46.95,-42.27,-55.66,-57.80,-53.45,-50.64,-56.85,-51.97,-53.58,-51.81,-45.66,-51.70,-50.54,-49.32,-50.74,-51.63,-50.88,-47.92,-48.29,-52.92,-53.24,-55.18,-48.36,-48.06,-52.69,-48.36,-43.98,-50.68,78.92,74.17,79.02,63.06,74.13,68.13,74.85,55.78,74.82,61.91,56.20,68.91,65.68,72.11,63.62,75.27,68.31,66.27,69.95,63.58,72.64,68.47,73.32,71.56,72.12,74.32,76.90,78.13,70.66,62.56,62.17,61.58,65.61,72.97,66.99,72.24,76.78,70.18,66.21,63.64
-41.71,-39.32,-38.43,-38.42,-41.46,-45.80,-38.98,-41.31,-36.45,-39.84,-44.20,-40.66,-38.66,-34.89,-45.92,-47.93,-44.24,-41.85,-46.95,-43.05,-44.17,-42.92,-37.82,-42.76,-41.83,-40.62,-41.98,-42.62,-41.96,-39.60,-39.85,-43.67,-44.10,-45.68,-39.84,-39.60,-43.40,-39.84,-36.33,-41.83,65.33,61.57,65.46,52.23,61.40,56.57,62.24,46.23,61.91,51.50,46.45,57.26,54.14,59.84,52.81,62.33,56.87,54.84,57.83,52.62,60.56,56.70,60.72,59.29,59.70,61.54,63.60,64.82,58.68,51.71,51.44,50.91,54.34,60.62,55.83,60.17,63.64,57.95,55.03,52.77
-37.60,-35.60,-34.65,-34.65,-37.30,-41.15,-35.00,-37.25,-32.90,-36.05,-39.85,-36.60,-35.00,-31.45,-41.40,-42.95,-39.75,-37.70,-42.35,-38.65,-39.95,-38.55,-33.90,-38.55,-37.65,-36.80,-37.80,-38.45,-37.90,-35.70,-36.00,-39.45,-39.55,-41.00,-36.05,-35.80,-39.25,-36.05,-32.75,-37.75,59.25,55.65,59.35,47.40,55.70,51.15,56.15,41.85,56.20,46.45,42.25,51.70,49.40,54.15,47.70,56.50,51.25,49.75,52.65,47.75,54.50,51.40,55.15,53.75,54.15,55.80,57.80,58.70,53.05,46.95,46.70,46.25,49.25,54.85,50.25,54.15,57.65,52.80,49.65,47.80
-46.77,-44.09,-43.09,-43.04,-46.48,-51.30,-43.67,-46.30,-40.84,-44.66,-49.56,-45.54,-43.35,-39.14,-51.56,-53.73,-49.62,-46.92,-52.62,-48.24,-49.50,-48.09,-42.44,-47.88,-46.80,-45.52,-47.02,-47.78,-47.06,-44.35,-44.64,-48.96,-49.43,-51.23,-44.66,-44.44,-48.71,-44.66,-40.72,-46.89,72.74,68.51,72.84,58.10,68.32,62.88,69.21,51.47,68.91,57.26,51.70,63.70,60.30,66.53,58.81,69.41,63.19,61.04,64.33,58.57,67.27,63.14,67.50,65.93,66.47,68.52,70.78,72.08,65.25,57.63,57.26,56.69,60.50,67.32,62.01,66.90,70.82,64.50,61.21,58.70
-44.10,-41.80,-40.64,-40.62,-43.72,-48.18,-40.98,-43.68,-38.58,-42.32,-46.74,-42.88,-41.10,-36.90,-48.60,-50.28,-46.58,-44.20,-49.66,-45.26,-46.88,-45.14,-39.72,-45.16,-44.08,-43.20,-44.28,-45.10,-44.48,-41.84,-42.22,-46.28,-46.32,-48.04,-42.32,-42.04,-46.10,-42.32,-38.40,-44.28,69.24,64.94,69.32,55.36,65.06,59.66,65.46,48.88,65.68,54.14,49.40,60.30,57.84,63.18,55.68,66.02,59.70,58.14,61.54,55.80,63.44,60.06,64.40,62.76,63.28,65.20,67.56,68.50,61.88,54.92,54.58,54.08,57.54,63.94,58.50,63.08,67.32,61.76,57.90,55.80
-48.12,-45.45,-44.34,-44.38,-47.80,-52.80,-44.92,-47.69,-42.11,-46.07,-51.00,-46.94,-44.70,-40.24,-52.90,-55.14,-50.92,-48.26,-54.20,-49.60,-51.07,-49.45,-43.48,-49.37,-48.35,-47.00,-48.44,-49.20,-48.44,-45.75,-46.07,-50.41,-50.80,-52.59,-46.07,-45.70,-50.09,-46.07,-41.93,-48.30,76.03,71.57,76.21,60.84,71.49,65.86,72.33,53.76,72.11,59.84,54.15,66.53,63.18,69.67,61.31,72.50,66.11,63.88,67.45,61.28,70.35,65.95,70.81,69.10,69.48,71.60,74.12,75.45,68.26,60.16,59.91,59.30,63.22,70.64,64.89,69.85,74.05,67.60,63.95,61.42
-44.01,-41.44,-40.54,-40.41,-43.74,-48.19,-41.05,-43.52,-38.35,-41.96,-46.63,-42.76,-40.75,-36.87,-48.66,-50.60,-46.75,-44.14,-49.45,-45.37,-46.48,-45.21,-40.06,-44.90,-43.84,-42.72,-44.14,-44.93,-44.28,-41.62,-41.89,-46.02,-46.54,-48.28,-41.96,-41.86,-45.89,-41.96,-38.28,-44.08,67.22,63.27,67.22,53.56,63.03,57.93,63.85,47.58,63.62,52.81,47.70,58.81,55.68,61.31,54.42,64.17,58.21,56.37,59.25,54.08,61.94,58.37,62.12,60.76,61.42,63.32,65.30,66.43,60.16,53.36,52.87,52.38,55.91,61.87,57.09,61.74,65.38,59.48,56.51,54.14
-51.46,-48.57,-47.41,-47.31,-51.10,-56.31,-47.94,-50.92,-44.91,-49.18,-54.53,-50.02,-47.76,-43.09,-56.82,-58.99,-54.55,-51.60,-57.87,-52.97,-54.48,-52.80,-46.66,-52.58,-51.34,-50.12,-51.64,-52.57,-51.82,-48.73,-49.09,-53.88,-54.29,-56.31,-49.18,-48.98,-53.70,-49.18,-44.78,-51.59,79.46,74.70,79.50,63.40,74.57,68.49,75.36,56.19,75.27,62.33,56.50,69.41,66.02,72.50,64.17,75.82,68.72,66.67,70.26,63.97,73.09,68.97,73.62,71.91,72.61,74.84,77.32,78.57,71.09,63.05,62.55,61.97,66.07,73.25,67.38,72.78,77.28,70.52,66.68,64.02
-45.66,-43.04,-42.07,-42.11,-45.40,-50.19,-42.71,-45.25,-39.94,-43.64,-48.39,-44.58,-42.33,-38.18,-50.18,-52.47,-48.39,-45.81,-51.42,-47.16,-48.39,-47.01,-41.36,-46.86,-45.93,-44.50,-46.00,-46.67,-45.92,-43.42,-43.68,-47.79,-48.32,-50.00,-43.64,-43.30,-47.45,-43.64,-39.79,-45.81,72.05,67.94,72.24,57.65,67.75,62.52,68.73,50.99,68.31,56.87,51.25,63.19,59.70,66.11,58.21,68.72,62.86,60.53,63.82,58.06,66.94,62.51,67.08,65.51,65.84,67.86,70.18,71.57,64.80,56.97,56.75,56.15,59.93,67.05,61.74,66.45,70.22,63.93,60.76,58.25
-44.97,-42.46,-41.43,-41.40,-44.66,-49.22,-41.90,-44.53,-39.29,-43.04,-47.66,-43.78,-41.78,-37.65,-49.56,-51.49,-47.58,-45.07,-50.59,-46.29,-47.67,-46.12,-40.70,-45.96,-45.01,-43.86,-45.14,-45.96,-45.28,-42.66,-42.97,-47.05,-47.48,-49.18,-43.04,-42.76,-46.88,-43.04,-39.15,-45.11,69.91,65.71,69.98,55.81,65.62,60.37,66.32,49.43,66.27,54.84,49.75,61.04,58.14,63.88,56.37,66.67,60.53,58.74,61.85,56.32,64.34,60.64,64.88,63.41,63.88,65.82,68.08,69.16,62.58,55.43,55.06,54.55,58.12,64.60,59.37,64.03,68.00,62.09,58.69,56.35
-45.92,-43.58,-42.33,-42.39,-45.52,-50.31,-42.75,-45.53,-40.26,-44.10,-48.67,-44.74,-42.81,-38.36,-50.46,-52.37,-48.51,-46.07,-51.80,-47.18,-48.91,-47.11,-41.24,-47.28,-46.09,-45.10,-46.28,-46.99,-46.32,-43.68,-44.08,-48.31,-48.16,-49.94,-44.10,-43.74,-47.95,-44.10,-40.03,-46.15,73.69,69.22,73.90,59.11,69.41,63.70,69.87,52.01,69.95,57.83,52.65,64.33,61.54,67.45,59.25,70.26,63.82,61.85,65.78,59.42,67.92,63.93,68.86,66.93,67.36,69.42,72.02,73.19,66.08,58.31,58.13,57.53,61.25,68.49,62.58,67.33,71.76,65.87,61.72,59.55
-42.99,-40.62,-39.61,-39.58,-42.68,-47.06,-40.05,-42.57,-37.57,-41.15,-45.56,-41.84,-39.95,-35.98,-47.38,-49.21,-45.50,-43.10,-48.38,-44.24,-45.59,-44.10,-38.88,-43.99,-43.01,-41.96,-43.18,-43.94,-43.30,-40.78,-41.09,-45.03,-45.33,-46.98,-41.15,-40.90,-44.84,-41.15,-37.43,-43.13,67.07,63.04,67.15,53.58,62.99,57.90,63.62,47.41,63.58,52.62,47.75,58.57,55.80,61.28,54.08,63.97,58.06,56.32,59.42,54.03,61.74,58.19,62.29,60.81,61.29,63.16,65.34,66.39,60.05,53.17,52.83,52.33,55.76,62.00,56.94,61.41,65.25,59.62,56.28,54.08
-48.37,-45.59,-44.57,-44.62,-48.10,-53.22,-45.28,-47.94,-42.32,-46.21,-51.26,-47.24,-44.82,-40.43,-53.14,-55.63,-51.30,-48.55,-54.49,-49.99,-51.26,-49.85,-43.82,-49.71,-48.68,-47.14,-48.78,-49.44,-48.64,-46.01,-46.28,-50.66,-51.18,-52.97,-46.21,-45.86,-50.25,-46.21,-42.16,-48.53,76.62,72.30,76.85,61.35,72.09,66.53,73.17,54.23,72.64,60.56,54.50,67.27,63.44,70.35,61.94,73.09,66.94,64.34,67.92,61.74,71.33,66.49,71.39,69.67,70.02,72.18,74.64,76.19,68.98,60.55,60.35,59.69,63.74,71.40,65.76,70.76,74.71,67.99,64.66,61.99
-46.77,-44.15,-43.09,-43.00,-46.44,-51.18,-43.57,-46.28,-40.82,-44.70,-49.56,-45.46,-43.41,-39.16,-51.64,-53.61,-49.58,-46.90,-52.60,-48.14,-49.52,-47.99,-42.40,-47.80,-46.66,-45.56,-46.94,-47.78,-47.10,-44.29,-44.62,-48.98,-49.33,-51.17,-44.70,-44.52,-48.81,-44.70,-40.70,-46.89,72.28,67.95,72.32,57.68,67.84,62.30,68.55,51.11,68.47,56.70,51.40,63.14,60.06,65.95,58.37,68.97,62.51,60.64,63.93,58.19,66.49,62.74,66.98,65.41,66.05,68.08,70.34,71.48,64.67,57.35,56.90,56.37,60.10,66.64,61.29,66.20,70.30,64.16,60.65,58.24
-48.04,-45.53,-44.28,-44.38,-47.66,-52.70,-44.79,-47.65,-42.13,-46.12,-50.92,-46.88,-44.75,-40.13,-52.72,-54.86,-50.74,-48.19,-54.19,-49.43,-51.15,-49.33,-43.18,-49.46,-48.35,-47.14,-48.44,-49.16,-48.42,-45.75,-46.13,-50.47,-50.51,-52.31,-46.12,-45.68,-50.07,-46.12,-41.89,-48.28,77.23,72.62,77.48,61.95,72.74,66.91,73.37,54.54,73.32,60.72,55.15,67.50,64.40,70.81,62.12,73.62,67.08,64.88,68.86,62.29,71.39,66.98,72.20,70.26,70.59,72.74,75.46,76.76,69.35,61.06,60.92,60.28,64.20,71.94,65.82,70.75,75.24,68.95,64.82,62.45
-47.73,-45.11,-43.98,-44.03,-47.40,-52.33,-44.52,-47.31,-41.78,-45.74,-50.59,-46.56,-44.38,-39.92,-52.46,-54.62,-50.45,-47.85,-53.76,-49.16,-50.69,-49.00,-43.08,-48.94,-47.97,-46.66,-48.02,-48.81,-48.06,-45.39,-45.72,-49.99,-50.37,-52.13,-45.74,-45.34,-49.70,-45.74,-41.59,-47.92,75.43,70.95,75.60,60.35,70.91,65.32,71.68,53.32,71.56,59.29,53.75,65.93,62.76,69.10,60.76,71.91,65.51,63.41,66.93,60.81,69.67,65.41,70.26,68.58,68.93,71.02,73.56,74.81,67.67,59.70,59.45,58.86,62.71,70.05,64.29,69.19,73.44,67.11,63.39,60.91
-49.07,-46.34,-45.21,-45.14,-48.72,-53.70,-45.71,-48.57,-42.85,-46.93,-52.00,-47.72,-45.57,-41.08,-54.14,-56.21,-51.98,-49.20,-55.20,-50.50,-51.99,-50.34,-44.44,-50.17,-49.01,-47.84,-49.26,-50.14,-49.42,-46.50,-46.85,-51.39,-51.75,-53.66,-46.93,-46.70,-51.20,-46.93,-42.71,-49.21,76.11,71.54,76.17,60.76,71.45,65.64,72.18,53.81,72.12,59.70,54.15,66.47,63.28,69.48,61.42,72.61,65.84,63.88,67.36,61.29,70.02,66.05,70.59,68.93,69.55,71.68,74.10,75.29,68.11,60.37,59.93,59.37,63.28,70.24,64.56,69.69,74.03,67.60,63.86,61.34
-50.60,-47.78,-46.62,-46.54,-50.24,-55.38,-47.14,-50.08,-44.18,-48.38,-53.62,-49.20,-46.98,-42.36,-55.84,-57.98,-53.62,-50.74,-56.92,-52.08,-53.60,-51.92,-45.84,-51.74,-50.52,-49.32,-50.80,-51.70,-50.96,-47.94,-48.30,-53.00,-53.36,-55.34,-48.38,-48.16,-52.80,-48.38,-44.04,-50.74,78.44,73.74,78.50,62.62,73.64,67.64,74.40,55.46,74.32,61.54,55.80,68.52,65.20,71.60,63.32,74.84,67.86,65.82,69.42,63.16,72.18,68.08,72.74,71.02,71.68,73.88,76.36,77.60,70.20,62.22,61.76,61.18,65.22,72.38,66.54,71.84,76.30,69.66,65.82,63.22
-51.48,-48.72,-47.44,-47.44,-51.08,-56.36,-47.94,-51.00,-45.04,-49.34,-54.56,-50.12,-47.90,-43.06,-56.68,-58.84,-54.44,-51.62,-57.98,-52.94,-54.68,-52.80,-46.44,-52.78,-51.56,-50.36,-51.76,-52.64,-51.88,-48.88,-49.28,-54.00,-54.18,-56.16,-49.34,-49.00,-53.72,-49.34,-44.84,-51.68,81.08,76.18,81.22,64.86,76.22,70.02,76.88,57.28,76.90,63.60,57.80,70.78,67.56,74.12,65.30,77.32,70.18,68.08,72.02,65.34,74.64,70.34,75.46,73.56,74.10,76.36,79.08,80.34,72.62,64.24,63.90,63.28,67.40,75.08,68.82,74.16,78.90,72.22,67.98,65.42
-52.01,-49.17,-47.93,-47.96,-51.64,-57.06,-48.53,-51.54,-45.52,-49.80,-55.12,-50.70,-48.33,-43.48,-57.20,-59.57,-55.06,-52.18,-58.60,-53.58,-55.22,-53.45,-46.96,-53.42,-52.20,-50.84,-52.38,-53.18,-52.38,-49.43,-49.80,-54.56,-54.81,-56.79,-49.80,-49.44,-54.19,-49.80,-45.32,-52.21,82.38,77.53,82.58,65.96,77.50,71.30,78.33,58.23,78.13,64.82,58.70,72.08,68.50,75.45,66.43,78.57,71.57,69.16,73.19,66.39,76.19,71.48,76.76,74.81,75.29,77.60,80.34,81.78,73.95,65.19,64.92,64.25,68.50,76.52,70.23,75.62,80.24,73.32,69.23,66.56
-47.35,-44.70,-43.63,-43.64,-47.04,-51.96,-44.21,-46.91,-41.41,-45.29,-50.18,-46.16,-43.95,-39.60,-52.10,-54.31,-50.16,-47.50,-53.32,-48.82,-50.21,-48.68,-42.84,-48.57,-47.51,-46.20,-47.66,-48.40,-47.66,-44.98,-45.29,-49.61,-49.99,-51.78,-45.29,-44.98,-49.30,-45.29,-41.25,-47.51,74.53,70.18,74.69,59.62,70.07,64.52,70.92,52.71,70.66,58.68,53.05,65.25,61.88,68.26,60.16,71.09,64.80,62.58,66.08,60.05,68.98,64.67,69.35,67.67,68.11,70.20,72.62,73.95,66.91,58.99,58.71,58.11,61.98,69.18,63.60,68.51,72.59,66.22,62.70,60.20
-43.27,-40.83,-39.86,-39.73,-42.96,-47.27,-40.26,-42.79,-37.72,-41.34,-45.85,-42.00,-40.16,-36.26,-47.86,-49.58,-45.87,-43.37,-48.62,-44.50,-45.77,-44.34,-39.28,-44.10,-43.05,-42.10,-43.34,-44.19,-43.58,-40.91,-41.22,-45.27,-45.65,-47.37,-41.34,-41.22,-45.20,-41.34,-37.63,-43.36,66.07,62.05,66.04,52.63,61.93,56.82,62.54,46.72,62.56,51.71,46.95,57.63,54.92,60.16,53.36,63.05,56.97,55.43,58.31,53.17,60.55,57.35,61.06,59.70,60.37,62.22,64.24,65.19,58.99,52.50,51.99,51.54,54.93,60.67,55.83,60.39,64.20,58.59,55.37,53.15
-41.99,-39.69,-38.69,-38.66,-41.68,-45.96,-39.11,-41.58,-36.70,-40.20,-44.50,-40.86,-39.03,-35.14,-46.28,-48.05,-44.44,-42.10,-47.26,-43.20,-44.54,-43.07,-37.96,-42.98,-42.00,-41.00,-42.18,-42.92,-42.30,-39.83,-40.14,-44.00,-44.25,-45.87,-40.20,-39.96,-43.81,-40.20,-36.56,-42.13,65.58,61.63,65.66,52.40,61.60,56.60,62.19,46.35,62.17,51.44,46.70,57.26,54.58,59.91,52.87,62.55,56.75,55.06,58.13,52.83,60.35,56.90,60.92,59.45,59.93,61.76,63.90,64.92,58.71,51.99,51.66,51.17,54.52,60.62,55.65,60.02,63.80,58.32,55.01,52.88
-41.83,-39.53,-38.54,-38.49,-41.52,-45.75,-38.94,-41.41,-36.54,-40.04,-44.33,-40.68,-38.88,-35.02,-46.14,-47.86,-44.27,-41.93,-47.06,-43.02,-44.35,-42.88,-37.84,-42.76,-41.79,-40.82,-41.98,-42.75,-42.14,-39.65,-39.96,-43.81,-44.09,-45.71,-40.04,-39.82,-43.66,-40.04,-36.41,-41.96,64.97,61.03,65.02,51.87,60.99,56.02,61.56,45.92,61.58,50.91,46.25,56.69,54.08,59.30,52.38,61.97,56.15,54.55,57.53,52.33,59.69,56.37,60.28,58.86,59.37,61.18,63.28,64.25,58.11,51.54,51.17,50.70,54.01,59.95,55.05,59.41,63.18,57.75,54.47,52.35
-44.73,-42.22,-41.21,-41.14,-44.42,-48.96,-41.68,-44.27,-39.05,-42.76,-47.40,-43.50,-41.52,-37.45,-49.36,-51.27,-47.40,-44.85,-50.31,-46.05,-47.37,-45.90,-40.54,-45.72,-44.67,-43.58,-44.90,-45.70,-45.04,-42.38,-42.69,-46.83,-47.20,-48.94,-42.76,-42.56,-46.66,-42.76,-38.93,-44.85,69.25,65.11,69.30,55.27,65.00,59.73,65.70,48.97,65.61,54.34,49.25,60.50,57.54,63.22,55.91,66.07,59.93,58.12,61.25,55.76,63.74,60.10,64.20,62.71,63.28,65.22,67.40,68.50,61.98,54.93,54.52,54.01,57.58,63.90,58.77,63.45,67.36,61.47,58.13,55.81
-47.51,-44.96,-43.79,-43.94,-47.18,-52.24,-44.40,-47.15,-41.69,-45.58,-50.36,-46.46,-44.20,-39.67,-52.04,-54.37,-50.20,-47.67,-53.61,-48.99,-50.57,-48.88,-42.74,-48.98,-47.99,-46.58,-47.98,-48.62,-47.84,-45.32,-45.65,-49.87,-50.08,-51.80,-45.58,-45.08,-49.40,-45.58,-41.45,-47.75,76.85,72.39,77.16,61.69,72.42,66.79,73.24,54.31,72.97,60.62,54.85,67.32,63.94,70.64,61.87,73.25,67.05,64.60,68.49,62.00,71.40,66.64,71.94,70.05,70.24,72.38,75.08,76.52,69.18,60.67,60.62,59.95,63.90,71.86,65.85,70.69,74.94,68.53,64.69,62.23
-44.64,-42.06,-41.13,-41.19,-44.40,-49.11,-41.79,-44.25,-39.06,-42.66,-47.31,-43.62,-41.37,-37.32,-49.02,-51.33,-47.31,-44.79,-50.28,-46.14,-47.31,-45.99,-40.44,-45.84,-44.97,-43.50,-45.00,-45.63,-44.88,-42.48,-42.72,-46.71,-47.28,-48.90,-42.66,-42.30,-46.35,-42.66,-38.91,-44.79,70.65,66.66,70.86,56.55,66.45,61.38,67.47,50.01,66.99,55.83,50.25,62.01,58.50,64.89,57.09,67.38,61.74,59.37,62.58,56.94,65.76,61.29,65.82,64.29,64.56,66.54,68.82,70.23,63.60,55.83,55.65,55.05,58.77,65.85,60.66,65.25,68.88,62.67,59.64,57.15
-49.12,-46.22,-45.25,-45.21,-48.86,-53.95,-45.94,-48.63,-42.88,-46.85,-52.05,-47.88,-45.46,-41.11,-54.12,-56.55,-52.15,-49.28,-55.25,-50.75,-51.93,-50.57,-44.66,-50.27,-49.23,-47.72,-49.40,-50.17,-49.38,-46.60,-46.86,-51.35,-52.05,-53.90,-46.85,-46.60,-51.07,-46.85,-42.77,-49.23,76.27,71.93,76.39,60.90,71.62,66.05,72.73,54.01,72.24,60.17,54.15,66.90,63.08,69.85,61.74,72.78,66.45,64.03,67.33,61.41,70.76,66.20,70.75,69.19,69.69,71.84,74.16,75.62,68.51,60.39,60.02,59.41,63.45,70.69,65.25,70.37,74.29,67.50,64.33,61.58
