1702.39,1481.48,1446.28,1402.50,1689.21,1993.62,1473.02,1643.49,1266.65,1517.88,1903.58,1572.92,1440.96,1224.30,2143.69,2270.52,1943.93,1704.04,2098.56,1803.70,1836.98,1775.78,1482.25,1684.28,1606.41,1542.92,1658.12,1756.45,1715.62,1478.40,1490.73,1816.46,1935.12,2093.06,1517.88,1553.94,1862.79,1517.88,1281.64,1685.10,1650.80,1147.85,1332.25,1690.03,1853.30,1444.00,1813.91,1418.28,1859.33,1604.00,-2998.66,-2646.07,-2937.64,-1845.56,-2569.48,-2155.74,-2660.50,-1537.42,-2653.28,-1824.14,-1489.96,-2281.97,-2034.01,-2412.77,-2025.90,-2752.05,-2177.16,-2113.24,-2201.49,-1935.12,-2437.40,-2281.97,-2404.92,-2374.61,-2507.00,-2662.56,-2754.15,-2810.06,-2337.72,-1959.83,-1848.14,-1834.41,-2091.23,-2353.22,-2083.01,-2512.01,-2798.41,-2265.76,-2121.52,-1906.20,-1984.70,-2433.45,-2072.07,-1550.00,-2038.52,-2179.96,-2149.25,-2405.90,-1614.43,-2104.06 
1481.48,1296.72,1259.54,1223.60,1466.89,1732.22,1278.78,1431.87,1106.23,1327.14,1656.49,1369.00,1260.25,1064.72,1861.06,1963.38,1685.92,1483.02,1829.27,1564.20,1606.41,1542.13,1280.21,1472.26,1400.26,1352.77,1445.52,1530.37,1496.14,1289.53,1303.21,1587.23,1672.81,1810.50,1327.14,1355.71,1624.90,1327.14,1116.90,1469.19,1434.89,1013.15,1157.36,1471.49,1610.42,1263.09,1573.71,1234.82,1616.84,1398.76,-2679.10,-2358.07,-2628.61,-1657.30,-2303.04,-1926.33,-2368.77,-1371.22,-2375.59,-1625.70,-1339.56,-2033.11,-1831.84,-2157.60,-1801.15,-2457.18,-1939.52,-1888.77,-1987.38,-1732.22,-2170.63,-2038.52,-2165.04,-2126.13,-2241.08,-2379.49,-2472.08,-2517.03,-2088.49,-1749.75,-1655.68,-1642.68,-1867.97,-2112.32,-1854.16,-2229.73,-2501.00,-2042.14,-1887.03,-1706.52,-1776.62,-2172.49,-1854.16,-1385.33,-1821.58,-1940.40,-1915.81,-2149.25,-1437.17,-1877.49 
1446.28,1259.54,1229.20,1192.32,1434.89,1693.32,1251.74,1396.52,1077.15,1290.25,1616.84,1336.63,1225.00,1040.71,1819.88,1927.21,1650.80,1447.80,1782.53,1531.94,1561.04,1508.55,1258.83,1431.87,1365.30,1311.89,1409.25,1492.28,1457.71,1256.70,1267.36,1543.70,1642.68,1776.62,1290.25,1320.60,1582.45,1290.25,1089.66,1431.87,1402.50,977.19,1132.32,1436.41,1574.50,1227.80,1540.56,1205.48,1579.27,1363.09,-2553.28,-2253.40,-2502.00,-1573.71,-2189.30,-1836.98,-2265.76,-1310.44,-2260.05,-1554.72,-1270.92,-1943.93,-1733.89,-2055.72,-1725.57,-2343.53,-1855.02,-1800.30,-1877.49,-1649.17,-2076.63,-1943.93,-2050.28,-2023.20,-2135.36,-2267.66,-2346.43,-2394.14,-1991.84,-1669.54,-1575.30,-1563.41,-1781.68,-2006.14,-1774.94,-2139.06,-2383.39,-1931.60,-1807.10,-1624.90,-1691.68,-2072.98,-1765.68,-1321.32,-1737.22,-1856.75,-1830.98,-2049.37,-1375.67,-1792.67 
1402.50,1223.60,1192.32,1160.08,1391.29,1645.11,1215.22,1356.45,1047.82,1254.58,1568.16,1300.32,1190.25,1008.06,1757.29,1865.38,1596.80,1404.00,1731.39,1486.10,1518.66,1463.83,1215.22,1394.28,1332.98,1277.35,1370.48,1448.56,1413.76,1223.60,1234.12,1498.46,1592.01,1718.93,1254.58,1278.78,1531.94,1254.58,1058.20,1390.54,1358.66,951.11,1098.92,1396.52,1534.29,1193.01,1496.14,1171.01,1531.94,1322.78,-2545.20,-2247.71,-2500.00,-1575.30,-2188.37,-1841.27,-2263.86,-1305.38,-2257.20,-1553.94,-1270.92,-1939.52,-1732.22,-2059.34,-1714.79,-2333.86,-1858.47,-1797.76,-1882.69,-1646.74,-2081.18,-1936.00,-2059.34,-2027.70,-2128.90,-2260.05,-2346.43,-2397.08,-1992.73,-1658.93,-1572.92,-1559.46,-1775.78,-2019.60,-1780.00,-2135.36,-2379.49,-1933.36,-1803.70,-1624.90,-1697.44,-2073.89,-1762.32,-1316.24,-1738.06,-1854.16,-1829.27,-2044.85,-1363.82,-1790.14 
1689.21,1466.89,1434.89,1391.29,1677.72,1980.25,1463.83,1630.54,1255.99,1503.89,1888.77,1561.83,1427.33,1215.22,2127.05,2258.15,1930.72,1690.85,2081.18,1792.68,1819.88,1764.00,1474.56,1669.54,1595.20,1527.25,1645.11,1742.23,1700.74,1466.89,1477.63,1799.46,1925.45,2081.18,1503.89,1539.78,1845.56,1503.89,1271.64,1671.17,1638.63,1133.00,1323.50,1677.72,1842.13,1430.35,1802.85,1407.75,1845.56,1590.41,-2957.18,-2613.25,-2896.59,-1818.17,-2532.10,-2128.90,-2629.64,-1517.88,-2615.30,-1802.85,-1466.89,-2254.35,-1999.88,-2381.44,-2001.67,-2714.41,-2152.96,-2084.84,-2164.11,-1907.94,-2410.81,-2250.55,-2367.80,-2342.56,-2472.08,-2625.54,-2712.33,-2770.97,-2307.84,-1932.48,-1821.58,-1807.95,-2062.98,-2321.31,-2061.16,-2486.02,-2760.45,-2227.84,-2097.64,-1880.09,-1958.95,-2402.96,-2043.04,-1528.81,-2012.42,-2154.82,-2123.37,-2373.64,-1593.61,-2077.54 
1993.62,1732.22,1693.32,1645.11,1980.25,2344.50,1730.56,1926.33,1484.56,1775.78,2229.73,1847.28,1684.28,1431.11,2504.00,2667.72,2279.11,1997.20,2461.15,2118.76,2152.03,2086.66,1735.56,1980.25,1891.38,1806.25,1948.34,2057.53,2007.04,1735.56,1748.08,2127.98,2271.48,2454.21,1775.78,1814.76,2175.29,1775.78,1501.56,1974.03,1934.24,1339.56,1562.62,1990.05,2185.56,1690.85,2130.75,1663.01,2179.02,1877.49,-3579.63,-3168.56,-3514.12,-2208.06,-3073.59,-2587.76,-3194.51,-1834.41,-3168.56,-2190.24,-1776.62,-2735.29,-2418.67,-2894.44,-2419.66,-3284.44,-2620.42,-2522.05,-2632.72,-2309.76,-2939.81,-2722.75,-2883.69,-2844.09,-2992.09,-3178.70,-3290.17,-3370.96,-2804.76,-2329.99,-2205.24,-2185.56,-2496.00,-2834.50,-2511.01,-3019.50,-3347.78,-2702.96,-2543.19,-2281.97,-2381.44,-2918.16,-2474.07,-1847.28,-2443.32,-2611.21,-2575.56,-2875.10,-1921.07,-2519.04 
1473.02,1278.78,1251.74,1215.22,1463.83,1730.56,1279.49,1422.80,1096.93,1311.16,1646.74,1364.56,1243.97,1059.50,1850.72,1971.36,1684.28,1475.33,1815.61,1565.78,1587.23,1541.35,1285.94,1460.00,1395.77,1332.25,1437.93,1519.44,1482.25,1281.64,1290.25,1569.74,1680.18,1814.76,1311.16,1341.02,1606.41,1311.16,1110.22,1457.71,1429.60,987.84,1156.00,1468.42,1612.83,1248.21,1574.50,1229.20,1609.61,1386.82,-2609.17,-2310.72,-2559.35,-1608.81,-2238.24,-1886.16,-2329.03,-1341.02,-2308.80,-1598.40,-1296.00,-1995.41,-1762.32,-2108.65,-1768.20,-2395.12,-1910.56,-1840.41,-1914.06,-1685.10,-2141.84,-1986.48,-2096.72,-2072.07,-2181.82,-2317.46,-2395.12,-2453.22,-2043.94,-1702.39,-1608.81,-1595.20,-1821.58,-2061.16,-1830.98,-2203.36,-2439.37,-1966.92,-1856.75,-1663.82,-1735.56,-2127.05,-1804.55,-1349.83,-1781.68,-1906.20,-1879.22,-2096.72,-1405.50,-1837.84 
1643.49,1431.87,1396.52,1356.45,1630.54,1926.33,1422.80,1588.02,1225.00,1467.66,1837.84,1521.00,1392.78,1181.30,2064.79,2189.30,1874.02,1645.11,2027.70,1741.39,1776.62,1714.79,1427.33,1629.74,1556.30,1493.05,1603.20,1696.62,1656.49,1430.35,1442.48,1754.77,1867.10,2017.81,1467.66,1499.24,1796.91,1467.66,1238.34,1628.12,1592.81,1110.89,1286.66,1633.78,1793.52,1395.77,1752.26,1370.48,1795.22,1549.21,-2938.72,-2593.86,-2882.62,-1813.06,-2522.05,-2118.76,-2610.19,-1506.22,-2603.04,-1790.14,-1463.06,-2237.29,-1996.30,-2370.72,-1982.03,-2695.69,-2139.06,-2072.98,-2165.04,-1898.34,-2395.12,-2235.40,-2366.82,-2333.86,-2457.18,-2609.17,-2704.00,-2760.45,-2295.37,-1917.56,-1813.06,-1798.61,-2049.37,-2318.42,-2047.56,-2463.14,-2744.71,-2225.95,-2080.27,-1871.43,-1951.87,-2389.25,-2032.21,-1518.66,-2001.67,-2138.14,-2108.65,-2359.04,-1577.68,-2063.88 
1266.65,1106.23,1077.15,1047.82,1255.99,1484.56,1096.93,1225.00,946.79,1133.67,1416.02,1173.75,1075.84,910.83,1587.23,1682.64,1441.72,1268.07,1563.41,1341.02,1371.96,1321.32,1096.93,1259.54,1202.70,1154.64,1237.63,1308.27,1277.35,1104.90,1114.89,1354.24,1435.65,1550.78,1133.67,1156.00,1384.58,1133.67,956.05,1255.99,1227.10,861.42,992.25,1260.96,1383.84,1078.47,1349.83,1057.55,1383.10,1195.08,-2298.24,-2028.60,-2257.20,-1423.55,-1976.69,-1661.38,-2042.14,-1179.24,-2038.52,-1402.50,-1149.21,-1750.59,-1566.58,-1858.47,-1548.42,-2107.73,-1676.08,-1623.28,-1702.39,-1487.64,-1876.62,-1748.91,-1860.20,-1830.13,-1922.82,-2041.23,-2119.68,-2164.11,-1798.61,-1499.24,-1421.29,-1409.25,-1604.00,-1822.44,-1604.80,-1925.45,-2148.32,-1748.08,-1627.32,-1467.66,-1531.94,-1871.43,-1592.01,-1189.56,-1568.95,-1672.81,-1650.80,-1846.42,-1232.71,-1616.04 
1517.88,1327.14,1290.25,1254.58,1503.89,1775.78,1311.16,1467.66,1133.67,1360.13,1697.44,1404.75,1290.96,1090.98,1904.45,2012.42,1725.57,1518.66,1874.02,1604.00,1645.92,1580.06,1311.89,1506.99,1438.68,1385.33,1480.71,1568.16,1531.94,1322.78,1335.90,1623.28,1718.10,1856.75,1360.13,1386.82,1662.19,1360.13,1144.47,1505.44,1469.19,1034.27,1186.80,1506.22,1653.24,1292.40,1615.24,1265.94,1657.30,1432.62,-2746.81,-2418.67,-2695.69,-1698.26,-2360.02,-1979.36,-2431.48,-1406.25,-2436.41,-1667.91,-1372.70,-2084.84,-1876.62,-2215.58,-1845.56,-2518.03,-1992.73,-1939.52,-2034.01,-1776.62,-2228.78,-2088.49,-2220.29,-2184.63,-2297.28,-2438.38,-2534.12,-2580.64,-2142.76,-1792.68,-1697.44,-1684.28,-1914.94,-2169.70,-1906.20,-2289.62,-2564.41,-2091.23,-1937.76,-1749.75,-1825.85,-2230.67,-1900.96,-1419.78,-1869.70,-1993.62,-1966.92,-2204.30,-1470.72,-1926.33 
1903.58,1656.49,1616.84,1568.16,1888.77,2229.73,1646.74,1837.84,1416.02,1697.44,2128.90,1758.96,1611.22,1368.26,2397.08,2539.15,2173.43,1905.32,2347.40,2016.91,2054.81,1985.59,1656.49,1883.56,1796.91,1725.57,1854.16,1964.26,1918.44,1653.24,1667.09,2031.31,2164.11,2340.62,1697.44,1737.22,2083.01,1697.44,1432.62,1884.43,1845.56,1283.07,1489.19,1889.64,2072.98,1614.43,2028.60,1585.63,2079.36,1793.52,-3360.52,-2964.80,-3292.46,-2067.52,-2879.40,-2415.72,-2981.16,-1721.42,-2973.52,-2043.04,-1668.72,-2556.31,-2279.11,-2704.00,-2268.62,-3083.58,-2439.37,-2367.80,-2467.11,-2167.83,-2731.11,-2556.31,-2695.69,-2661.53,-2809.00,-2983.34,-3086.91,-3149.45,-2619.39,-2194.92,-2070.25,-2054.81,-2342.56,-2637.85,-2333.86,-2814.30,-3136.00,-2539.15,-2376.56,-2135.36,-2224.07,-2726.93,-2321.31,-1735.56,-2283.88,-2442.34,-2407.86,-2695.69,-1807.10,-2357.10 
1572.92,1369.00,1336.63,1300.32,1561.83,1847.28,1364.56,1521.00,1173.75,1404.75,1758.96,1459.24,1332.25,1130.30,1971.36,2097.64,1792.68,1574.50,1941.28,1669.54,1700.74,1643.49,1366.04,1561.83,1496.14,1428.84,1536.64,1624.09,1584.04,1371.96,1382.35,1677.72,1790.98,1932.48,1404.75,1431.87,1715.62,1404.75,1186.11,1558.67,1524.12,1060.15,1233.41,1566.58,1723.91,1335.17,1681.00,1313.34,1718.93,1482.25,-2838.76,-2510.01,-2787.84,-1753.93,-2438.38,-2055.72,-2530.09,-1456.19,-2516.03,-1735.56,-1413.76,-2165.97,-1925.45,-2298.24,-1914.94,-2603.04,-2077.54,-2005.25,-2092.15,-1835.27,-2327.10,-2158.53,-2292.49,-2261.95,-2373.64,-2520.04,-2613.25,-2672.89,-2224.07,-1849.00,-1752.26,-1737.22,-1980.25,-2252.45,-1990.94,-2389.25,-2654.31,-2149.25,-2016.01,-1811.35,-1893.99,-2315.53,-1964.26,-1466.89,-1939.52,-2072.07,-2043.04,-2281.02,-1521.00,-1998.09 
1440.96,1260.25,1225.00,1190.25,1427.33,1684.28,1243.97,1392.78,1075.84,1290.96,1611.22,1332.25,1225.70,1036.20,1809.65,1909.69,1638.63,1441.72,1778.31,1521.78,1561.83,1499.24,1246.09,1429.60,1363.09,1314.79,1404.75,1488.42,1454.66,1254.58,1267.36,1541.35,1629.74,1762.32,1290.96,1317.69,1579.27,1290.96,1086.36,1428.84,1395.02,982.82,1126.27,1428.84,1566.58,1227.10,1531.94,1201.32,1572.92,1360.13,-2592.85,-2281.97,-2543.19,-1602.40,-2226.90,-1865.38,-2292.49,-1327.87,-2299.20,-1572.92,-1296.00,-1966.92,-1772.41,-2088.49,-1743.06,-2377.54,-1877.49,-1830.13,-1919.32,-1676.90,-2099.47,-1972.25,-2093.06,-2059.34,-2168.77,-2302.08,-2391.21,-2433.45,-2020.50,-1694.15,-1602.40,-1590.41,-1807.95,-2043.04,-1795.22,-2158.53,-2419.66,-1974.02,-1827.56,-1650.80,-1720.59,-2103.14,-1794.37,-1341.02,-1763.16,-1880.09,-1855.03,-2080.27,-1390.54,-1817.32 
1224.30,1064.72,1040.71,1008.06,1215.22,1431.11,1059.50,1181.30,910.83,1090.98,1368.26,1130.30,1036.20,882.68,1542.92,1632.16,1398.01,1225.00,1506.22,1296.72,1318.42,1275.92,1069.29,1207.56,1152.60,1107.56,1190.25,1262.38,1233.41,1062.11,1070.60,1303.93,1392.78,1506.22,1090.98,1118.23,1339.56,1090.98,922.34,1211.04,1187.49,824.26,959.14,1212.43,1329.33,1037.48,1303.93,1020.16,1336.63,1153.28,-2116.92,-1867.97,-2071.16,-1301.77,-1811.35,-1520.22,-1876.62,-1089.00,-1872.29,-1288.09,-1053.00,-1611.22,-1436.41,-1700.74,-1434.14,-1943.93,-1535.07,-1493.82,-1549.21,-1367.52,-1716.44,-1612.83,-1691.68,-1674.45,-1770.73,-1880.09,-1941.28,-1978.47,-1648.36,-1388.31,-1306.10,-1297.44,-1478.40,-1654.05,-1468.42,-1773.25,-1974.02,-1596.80,-1499.24,-1345.42,-1399.51,-1716.45,-1463.83,-1097.60,-1438.68,-1540.56,-1517.88,-1699.09,-1145.15,-1486.10 
2143.69,1861.06,1819.88,1757.29,2127.05,2504.00,1850.72,2064.79,1587.23,1904.45,2397.08,1971.36,1809.65,1542.92,2716.49,2866.53,2456.19,2145.54,2637.85,2269.57,2304.00,2233.51,1876.62,2108.65,2003.46,1932.48,2079.36,2209.00,2160.39,1850.72,1866.24,2284.84,2438.38,2644.02,1904.45,1960.72,2352.25,1904.45,1609.61,2117.84,2081.18,1437.93,1674.45,2119.68,2317.46,1813.06,2279.11,1780.84,2340.62,2017.81,-3638.50,-3205.82,-3552.16,-2224.07,-3104.72,-2592.85,-3214.89,-1864.51,-3210.36,-2201.49,-1797.76,-2762.55,-2460.16,-2905.21,-2466.12,-3343.15,-2619.39,-2556.31,-2648.13,-2340.62,-2931.14,-2770.97,-2885.84,-2857.97,-3040.42,-3230.79,-3326.98,-3387.24,-2819.61,-2387.30,-2235.40,-2222.18,-2536.13,-2813.24,-2502.00,-3038.21,-3387.24,-2733.20,-2566.44,-2300.16,-2383.39,-2935.47,-2508.01,-1880.09,-2458.18,-2635.80,-2596.92,-2913.84,-1971.36,-2544.19 
2270.52,1963.38,1927.21,1865.38,2258.15,2667.72,1971.36,2189.30,1682.64,2012.42,2539.15,2097.64,1909.69,1632.16,2866.53,3053.67,2606.10,2274.34,2796.29,2416.71,2437.40,2377.54,1992.73,2241.08,2139.06,2041.23,2210.88,2339.66,2282.93,1966.92,1978.47,2415.72,2597.94,2810.06,2012.42,2066.61,2478.05,2012.42,1706.52,2242.97,2206.18,1508.55,1780.00,2260.05,2480.04,1916.69,2427.53,1890.51,2482.03,2134.44,-3917.51,-3470.39,-3834.09,-2400.02,-3348.94,-2817.49,-3495.17,-2010.63,-3457.44,-2394.14,-1931.60,-2995.37,-2629.64,-3151.70,-2662.56,-3598.80,-2859.04,-2755.20,-2848.36,-2521.04,-3206.96,-2982.25,-3120.34,-3093.58,-3272.98,-3478.64,-3580.83,-3668.72,-3059.20,-2558.34,-2405.90,-2387.30,-2732.15,-3065.84,-2738.43,-3312.00,-3657.83,-2932.22,-2786.78,-2487.02,-2587.76,-3184.34,-2701.92,-2022.30,-2664.62,-2859.04,-2816.42,-3143.84,-2116.92,-2754.15 
1943.93,1685.92,1650.80,1596.80,1930.72,2279.11,1684.28,1874.02,1441.72,1725.57,2173.43,1792.68,1638.63,1398.01,2456.19,2606.10,2229.73,1947.46,2394.14,2063.89,2089.40,2032.21,1702.39,1920.19,1825.85,1752.26,1892.25,2003.46,1957.18,1682.64,1694.97,2072.98,2214.64,2399.04,1725.57,1774.09,2127.05,1725.57,1461.53,1921.07,1888.77,1301.77,1521.78,1933.36,2115.08,1645.11,2072.07,1617.65,2123.37,1829.27,-3358.20,-2969.16,-3285.58,-2060.25,-2872.96,-2407.86,-2985.53,-1723.08,-2964.80,-2046.66,-1660.56,-2562.38,-2263.86,-2695.69,-2280.06,-3085.80,-2439.37,-2360.02,-2451.24,-2162.25,-2735.29,-2558.34,-2677.03,-2647.10,-2806.88,-2983.34,-3073.59,-3142.72,-2617.35,-2196.80,-2064.79,-2049.37,-2342.56,-2621.44,-2333.86,-2824.92,-3133.76,-2523.05,-2380.46,-2131.67,-2212.76,-2722.75,-2317.46,-1735.56,-2280.06,-2442.34,-2407.86,-2693.61,-1817.32,-2357.10 
1704.04,1483.02,1447.80,1404.00,1690.85,1997.20,1475.33,1645.11,1268.07,1518.66,1905.32,1574.50,1441.72,1225.00,2145.54,2274.34,1947.46,1706.52,2101.31,1806.25,1838.69,1779.15,1483.79,1688.39,1608.01,1544.49,1661.38,1758.12,1717.27,1479.94,1492.28,1819.88,1936.00,2094.89,1518.66,1555.51,1864.51,1518.66,1283.07,1686.74,1653.24,1149.89,1333.71,1694.97,1856.75,1446.28,1815.61,1419.78,1861.06,1605.60,-3014.01,-2661.53,-2953.92,-1856.75,-2584.71,-2167.83,-2677.03,-1545.28,-2666.69,-1836.12,-1497.69,-2296.33,-2043.04,-2426.55,-2037.62,-2766.76,-2191.18,-2122.44,-2215.58,-1944.81,-2455.20,-2294.41,-2419.66,-2386.32,-2520.04,-2677.03,-2768.86,-2828.11,-2352.25,-1968.70,-1857.61,-1842.98,-2102.22,-2368.77,-2096.72,-2528.08,-2814.30,-2278.15,-2133.52,-1917.56,-1995.41,-2447.28,-2083.01,-1557.88,-2050.28,-2191.18,-2161.32,-2418.67,-1623.28,-2116.00 
2098.56,1829.27,1782.53,1731.39,2081.18,2461.15,1815.61,2027.70,1563.41,1874.02,2347.40,1941.28,1778.31,1506.22,2637.85,2796.29,2394.14,2101.31,2591.83,2223.12,2270.52,2190.24,1819.88,2083.92,1986.48,1907.94,2048.47,2166.90,2116.00,1825.85,1842.13,2243.92,2381.44,2575.56,1874.02,1914.94,2296.33,1874.02,1580.06,2079.36,2034.01,1420.54,1641.06,2088.49,2290.58,1783.37,2236.34,1748.91,2292.49,1978.47,-3778.56,-3333.91,-3707.59,-2330.96,-3244.44,-2721.71,-3354.73,-1932.48,-3346.62,-2299.20,-1879.22,-2875.10,-2566.44,-3047.04,-2545.20,-3465.68,-2747.86,-2661.53,-2787.84,-2438.38,-3079.14,-2872.96,-3045.94,-2998.66,-3158.44,-3354.73,-3478.64,-3552.16,-2950.66,-2462.14,-2329.03,-2309.76,-2632.72,-2982.25,-2629.64,-3164.06,-3529.55,-2864.39,-2670.82,-2404.92,-2507.00,-3070.27,-2611.21,-1949.22,-2571.50,-2744.71,-2708.16,-3031.60,-2025.00,-2651.22 
1803.70,1564.20,1531.94,1486.10,1792.68,2118.76,1565.78,1741.39,1341.02,1604.00,2016.91,1669.54,1521.78,1296.72,2269.57,2416.71,2063.89,1806.25,2223.12,1917.56,1942.16,1887.03,1576.09,1785.06,1706.52,1628.93,1758.96,1860.20,1814.76,1567.37,1577.68,1921.07,2059.34,2225.01,1604.00,1641.87,1967.81,1604.00,1357.92,1784.22,1750.59,1206.17,1414.51,1796.06,1973.14,1526.46,1928.09,1503.89,1971.36,1697.44,-3173.07,-2809.00,-3110.29,-1951.87,-2718.58,-2289.62,-2830.24,-1628.93,-2805.82,-1940.40,-1572.12,-2424.58,-2139.99,-2560.36,-2150.18,-2912.76,-2319.39,-2236.34,-2321.31,-2046.66,-2599.98,-2414.74,-2543.19,-2516.03,-2652.25,-2817.49,-2909.52,-2978.98,-2482.03,-2070.25,-1953.64,-1937.76,-2213.70,-2499.00,-2222.18,-2678.06,-2964.80,-2387.30,-2256.25,-2019.60,-2105.89,-2583.69,-2192.11,-1639.44,-2163.18,-2316.50,-2282.93,-2548.23,-1709.00,-2232.56 
1836.98,1606.41,1561.04,1518.66,1819.88,2152.03,1587.23,1776.62,1371.96,1645.92,2054.81,1700.74,1561.83,1318.42,2304.00,2437.40,2089.40,1838.69,2270.52,1942.16,1993.62,1914.06,1585.63,1827.56,1743.06,1677.72,1794.37,1898.34,1854.16,1601.60,1617.65,1966.92,2078.45,2246.76,1645.92,1677.72,2011.52,1645.92,1384.58,1822.44,1778.31,1252.45,1435.65,1826.71,2004.35,1564.99,1955.41,1531.94,2006.14,1733.89,-3358.20,-2958.27,-3298.21,-2077.54,-2887.99,-2421.62,-2975.70,-1716.45,-2978.98,-2040.33,-1676.90,-2550.25,-2292.49,-2711.28,-2254.35,-3078.03,-2439.37,-2368.77,-2491.01,-2170.63,-2731.11,-2552.27,-2719.62,-2671.86,-2807.94,-2981.16,-3100.26,-3160.69,-2622.46,-2187.43,-2073.89,-2056.62,-2339.66,-2659.46,-2333.86,-2801.59,-3137.12,-2558.34,-2368.77,-2139.99,-2233.51,-2729.02,-2323.24,-1733.06,-2286.75,-2436.41,-2404.92,-2694.65,-1794.37,-2355.16 
1775.78,1542.13,1508.55,1463.83,1764.00,2086.66,1541.35,1714.79,1321.32,1580.06,1985.59,1643.49,1499.24,1275.92,2233.51,2377.54,2032.21,1779.15,2190.24,1887.03,1914.06,1858.47,1549.21,1761.48,1680.18,1606.41,1733.89,1831.84,1787.60,1543.70,1554.73,1894.86,2023.20,2187.43,1580.06,1617.65,1938.64,1580.06,1337.37,1757.29,1723.91,1192.32,1392.04,1771.57,1943.05,1505.44,1896.60,1480.71,1940.40,1671.99,-3152.82,-2791.01,-3092.47,-1943.05,-2705.04,-2275.29,-2812.18,-1617.65,-2788.90,-1928.97,-1564.20,-2409.83,-2128.90,-2545.20,-2135.36,-2894.44,-2304.96,-2220.29,-2314.57,-2034.01,-2585.72,-2400.02,-2533.11,-2500.00,-2635.80,-2800.53,-2894.44,-2964.80,-2468.10,-2055.72,-1942.16,-1925.45,-2199.61,-2488.01,-2208.06,-2659.46,-2947.40,-2377.54,-2240.13,-2008.83,-2093.06,-2567.45,-2179.02,-1628.93,-2150.18,-2299.20,-2267.66,-2532.10,-1697.44,-2218.41 
1482.25,1280.21,1258.83,1215.22,1474.56,1735.56,1285.94,1427.33,1096.93,1311.89,1656.49,1366.04,1246.09,1069.29,1876.62,1992.73,1702.39,1483.79,1819.88,1576.09,1585.63,1549.21,1307.55,1454.66,1388.31,1327.87,1437.93,1525.68,1489.96,1280.21,1287.37,1572.92,1697.44,1836.98,1311.89,1351.30,1619.26,1311.89,1114.22,1462.30,1440.96,982.20,1162.81,1468.42,1609.61,1248.92,1582.45,1233.41,1619.26,1392.78,-2470.09,-2186.50,-2410.81,-1508.55,-2104.97,-1769.04,-2197.73,-1273.06,-2177.16,-1506.99,-1218.01,-1887.03,-1658.12,-1978.47,-1685.92,-2271.48,-1794.37,-1738.89,-1784.22,-1590.41,-2008.83,-1883.56,-1951.87,-1943.05,-2064.79,-2193.99,-2250.55,-2300.16,-1921.95,-1622.48,-1517.88,-1508.55,-1725.57,-1913.19,-1717.27,-2084.84,-2302.08,-1842.13,-1757.29,-1564.99,-1624.09,-2001.67,-1704.04,-1280.21,-1676.08,-1802.85,-1774.09,-1982.03,-1345.42,-1735.56 
1684.28,1472.26,1431.87,1394.28,1669.54,1980.25,1460.00,1629.74,1259.54,1506.99,1883.56,1561.83,1429.60,1207.56,2108.65,2241.08,1920.19,1688.39,2083.92,1785.06,1827.56,1761.48,1454.66,1684.28,1602.40,1538.21,1651.61,1740.56,1699.09,1470.72,1484.56,1807.10,1905.32,2060.25,1506.99,1536.64,1841.27,1506.99,1270.92,1671.17,1632.97,1149.21,1318.42,1686.74,1847.28,1437.17,1795.22,1406.25,1839.55,1589.62,-3130.40,-2766.76,-3080.25,-1943.93,-2699.84,-2266.71,-2788.90,-1601.60,-2777.29,-1914.94,-1564.20,-2389.25,-2130.75,-2537.14,-2106.81,-2870.82,-2290.58,-2205.24,-2330.96,-2024.10,-2571.50,-2381.44,-2546.21,-2494.00,-2618.37,-2781.51,-2892.29,-2961.54,-2457.18,-2034.01,-1934.24,-1914.94,-2182.76,-2498.00,-2193.99,-2628.61,-2931.14,-2386.32,-2216.53,-2002.56,-2089.40,-2553.28,-2167.83,-1616.04,-2139.99,-2276.24,-2249.60,-2515.02,-1673.63,-2202.43 
1606.41,1400.26,1365.30,1332.98,1595.20,1891.38,1395.77,1556.30,1202.70,1438.68,1796.91,1496.14,1363.09,1152.60,2003.46,2139.06,1825.85,1608.01,1986.48,1706.52,1743.06,1680.18,1388.31,1602.40,1540.56,1465.36,1574.50,1660.56,1617.65,1407.75,1418.28,1714.79,1829.27,1969.58,1438.68,1459.24,1748.08,1438.68,1213.13,1594.40,1554.73,1085.70,1260.96,1604.80,1771.57,1366.04,1720.59,1343.96,1756.45,1514.77,-2991.00,-2647.10,-2945.23,-1855.89,-2576.58,-2179.96,-2673.92,-1532.72,-2656.37,-1834.41,-1493.82,-2284.84,-2032.21,-2435.42,-2010.63,-2739.48,-2202.43,-2116.92,-2217.47,-1936.88,-2468.10,-2271.48,-2435.42,-2398.06,-2501.00,-2654.31,-2762.55,-2830.24,-2353.22,-1940.40,-1849.00,-1830.98,-2085.75,-2400.02,-2113.24,-2523.05,-2801.58,-2273.38,-2127.98,-1914.94,-2010.63,-2450.25,-2072.07,-1543.70,-2052.09,-2188.37,-2158.53,-2405.90,-1592.01,-2109.56 
1542.92,1352.77,1311.89,1277.35,1527.25,1806.25,1332.25,1493.05,1154.64,1385.33,1725.57,1428.84,1314.79,1107.56,1932.48,2041.23,1752.26,1544.49,1907.94,1628.93,1677.72,1606.41,1327.87,1538.21,1465.36,1413.76,1508.55,1595.20,1558.67,1346.89,1361.61,1654.86,1740.56,1881.82,1385.33,1410.75,1690.85,1385.33,1164.17,1531.94,1493.05,1058.85,1205.48,1535.07,1682.64,1317.69,1640.25,1287.37,1684.28,1457.71,-2851.56,-2510.01,-2802.64,-1769.04,-2456.19,-2057.53,-2524.06,-1457.71,-2532.10,-1732.22,-1428.84,-2164.11,-1953.64,-2304.00,-1911.44,-2613.25,-2070.25,-2012.42,-2125.21,-1845.56,-2317.46,-2167.83,-2317.46,-2271.48,-2385.35,-2532.10,-2637.85,-2687.39,-2227.84,-1857.61,-1764.00,-1748.91,-1987.38,-2263.86,-1980.25,-2373.64,-2664.62,-2180.89,-2008.83,-1819.88,-1899.22,-2317.46,-1974.91,-1473.02,-1943.05,-2066.61,-2041.23,-2288.67,-1522.56,-1999.88 
1658.12,1445.52,1409.25,1370.48,1645.11,1948.34,1437.93,1603.20,1237.63,1480.71,1854.16,1536.64,1404.75,1190.25,2079.36,2210.88,1892.25,1661.38,2048.47,1758.96,1794.37,1733.89,1437.93,1651.61,1574.50,1508.55,1622.48,1712.30,1671.17,1445.52,1457.71,1774.09,1881.82,2034.01,1480.71,1511.65,1811.35,1480.71,1250.33,1643.49,1608.01,1123.59,1298.88,1656.49,1816.46,1410.75,1769.04,1383.84,1811.35,1563.41,-3020.60,-2670.82,-2968.07,-1869.70,-2598.96,-2184.63,-2691.53,-1547.64,-2677.03,-1847.28,-1505.44,-2305.92,-2050.28,-2444.31,-2037.62,-2770.97,-2209.00,-2128.90,-2235.40,-1951.87,-2478.05,-2298.24,-2444.31,-2402.96,-2526.07,-2683.24,-2783.62,-2849.42,-2367.80,-1966.04,-1864.51,-1847.28,-2106.81,-2399.04,-2116.00,-2540.16,-2825.99,-2292.49,-2141.84,-1928.97,-2012.42,-2462.14,-2090.32,-1560.25,-2062.98,-2199.61,-2171.56,-2426.55,-1619.26,-2125.21 
1756.45,1530.37,1492.28,1448.56,1742.23,2057.53,1519.44,1696.62,1308.27,1568.16,1964.26,1624.09,1488.42,1262.38,2209.00,2339.66,2003.46,1758.12,2166.90,1860.20,1898.34,1831.84,1525.68,1740.56,1660.56,1595.20,1712.30,1813.06,1770.73,1527.25,1540.56,1875.76,1994.52,2156.67,1568.16,1603.20,1921.95,1568.16,1322.78,1739.72,1702.39,1187.49,1374.18,1744.73,1914.06,1491.50,1871.43,1463.83,1918.44,1655.68,-3128.16,-2759.40,-3066.94,-1928.09,-2683.24,-2251.50,-2775.18,-1602.40,-2769.92,-1902.70,-1556.30,-2379.49,-2125.21,-2520.04,-2109.56,-2869.74,-2272.43,-2205.24,-2303.04,-2019.60,-2544.19,-2379.49,-2516.03,-2481.04,-2615.30,-2777.29,-2877.25,-2935.47,-2440.36,-2042.14,-1928.97,-1914.06,-2180.89,-2462.14,-2174.36,-2618.37,-2920.32,-2368.77,-2211.82,-1990.05,-2073.89,-2540.16,-2162.25,-1616.04,-2127.98,-2273.38,-2242.02,-2510.01,-1680.18,-2194.92 
1715.62,1496.14,1457.71,1413.76,1700.74,2007.04,1482.25,1656.49,1277.35,1531.94,1918.44,1584.04,1454.66,1233.41,2160.39,2282.93,1957.18,1717.27,2116.00,1814.76,1854.16,1787.60,1489.96,1699.09,1617.65,1558.67,1671.17,1770.73,1730.56,1489.96,1503.89,1833.55,1944.81,2104.97,1531.94,1568.16,1880.09,1531.94,1291.68,1699.09,1663.01,1162.81,1341.02,1702.39,1864.51,1457.71,1825.00,1428.84,1873.16,1617.65,-3040.42,-2679.10,-2978.98,-1873.16,-2607.12,-2182.76,-2691.53,-1557.09,-2691.53,-1845.56,-1513.21,-2309.76,-2068.43,-2444.31,-2050.28,-2789.95,-2201.49,-2141.84,-2239.18,-1962.49,-2464.13,-2313.61,-2442.34,-2406.88,-2542.18,-2699.84,-2796.29,-2849.42,-2367.80,-1987.38,-1874.89,-1861.06,-2119.68,-2385.35,-2104.97,-2538.14,-2836.63,-2304.00,-2145.54,-1932.48,-2010.63,-2464.13,-2101.31,-1571.33,-2064.79,-2205.24,-2175.29,-2438.38,-1635.39,-2130.74 
1478.40,1289.53,1256.70,1223.60,1466.89,1735.56,1281.64,1430.35,1104.90,1322.78,1653.24,1371.96,1254.58,1062.11,1850.72,1966.92,1682.64,1479.94,1825.85,1567.37,1601.60,1543.70,1280.21,1470.72,1407.75,1346.89,1445.52,1527.25,1489.96,1290.96,1301.77,1579.27,1679.36,1812.20,1322.78,1346.89,1613.63,1322.78,1115.56,1466.12,1431.87,1001.72,1158.72,1473.02,1620.06,1257.41,1578.47,1234.82,1615.24,1394.28,-2697.76,-2383.39,-2651.22,-1670.36,-2320.35,-1954.52,-2401.98,-1383.10,-2393.17,-1648.36,-1346.89,-2056.62,-1835.27,-2185.56,-1816.46,-2473.07,-1973.14,-1906.20,-1996.30,-1745.57,-2209.94,-2051.18,-2185.56,-2152.03,-2256.25,-2395.12,-2488.01,-2543.18,-2114.16,-1756.45,-1667.09,-1652.42,-1881.82,-2145.54,-1890.51,-2265.76,-2523.05,-2049.37,-1913.19,-1723.08,-1802.00,-2200.55,-1867.97,-1394.28,-1843.84,-1966.92,-1940.40,-2167.83,-1443.24,-1898.34 
1490.73,1303.21,1267.36,1234.12,1477.63,1748.08,1290.25,1442.48,1114.89,1335.90,1667.09,1382.35,1267.36,1070.60,1866.24,1978.47,1694.97,1492.28,1842.13,1577.68,1617.65,1554.73,1287.37,1484.56,1418.28,1361.61,1457.71,1540.56,1503.89,1301.77,1314.06,1595.20,1688.39,1823.29,1335.90,1360.13,1629.74,1335.90,1124.93,1479.17,1443.24,1015.70,1166.91,1484.56,1630.54,1270.21,1588.82,1244.68,1628.12,1407.00,-2737.38,-2414.74,-2690.50,-1696.62,-2356.13,-1980.25,-2431.48,-1401.75,-2429.50,-1668.72,-1369.00,-2083.01,-1867.97,-2215.58,-1839.55,-2509.01,-1996.30,-1933.36,-2032.21,-1771.57,-2235.40,-2081.18,-2221.24,-2182.76,-2289.62,-2430.49,-2528.08,-2580.64,-2142.76,-1782.53,-1692.50,-1677.72,-1908.82,-2176.22,-1911.44,-2290.58,-2559.35,-2085.75,-1936.00,-1748.08,-1826.71,-2229.73,-1895.73,-1414.51,-1868.83,-1990.94,-1965.15,-2198.67,-1463.06,-1923.70 
1816.46,1587.23,1543.70,1498.46,1799.46,2127.98,1569.74,1754.77,1354.24,1623.28,2031.31,1677.72,1541.35,1303.93,2284.84,2415.72,2072.98,1819.88,2243.92,1921.07,1966.92,1894.86,1572.92,1807.10,1714.79,1654.86,1774.09,1875.76,1833.55,1579.27,1595.20,1947.46,2053.00,2224.07,1623.28,1661.38,1991.84,1623.28,1368.26,1800.31,1761.48,1238.34,1419.03,1809.65,1977.58,1547.64,1930.72,1513.21,1982.92,1713.96,-3282.14,-2893.36,-3220.56,-2028.60,-2821.73,-2359.04,-2908.44,-1678.54,-2907.37,-1995.41,-1636.20,-2496.00,-2235.40,-2642.99,-2210.88,-3011.81,-2380.46,-2308.80,-2431.48,-2118.76,-2668.76,-2498.00,-2649.16,-2599.98,-2744.71,-2916.00,-3025.00,-3086.91,-2561.37,-2140.91,-2025.00,-2007.94,-2287.71,-2587.76,-2276.24,-2740.52,-3065.84,-2496.00,-2314.57,-2090.32,-2173.42,-2662.56,-2269.57,-1694.97,-2231.62,-2377.54,-2348.37,-2632.72,-1762.32,-2301.12 
1935.12,1672.81,1642.68,1592.01,1925.45,2271.48,1680.18,1867.10,1435.65,1718.10,2164.11,1790.98,1629.74,1392.78,2438.38,2597.94,2214.64,1936.00,2381.44,2059.34,2078.45,2023.20,1697.44,1905.32,1829.27,1740.56,1881.82,1994.52,1944.81,1679.36,1688.39,2053.00,2219.35,2395.12,1718.10,1758.96,2108.65,1718.10,1455.42,1912.31,1877.49,1282.36,1518.66,1919.32,2115.08,1631.35,2072.07,1612.83,2116.00,1819.02,-3330.44,-2948.49,-3259.27,-2039.43,-2844.09,-2401.00,-2970.25,-1711.48,-2941.98,-2034.01,-1644.30,-2543.18,-2239.18,-2683.24,-2260.05,-3056.98,-2432.46,-2350.31,-2416.71,-2146.47,-2722.75,-2533.11,-2653.28,-2638.88,-2782.56,-2955.01,-3044.83,-3114.76,-2599.98,-2176.22,-2047.56,-2033.11,-2323.24,-2609.17,-2330.96,-2814.30,-3108.06,-2492.01,-2371.69,-2114.16,-2207.12,-2710.24,-2298.24,-1720.59,-2267.66,-2436.41,-2397.08,-2673.92,-1796.06,-2342.56 
2093.06,1810.50,1776.62,1718.93,2081.18,2454.21,1814.76,2017.81,1550.78,1856.75,2340.62,1932.48,1762.32,1506.22,2644.02,2810.06,2399.04,2094.89,2575.56,2225.01,2246.76,2187.43,1836.98,2060.25,1969.58,1881.82,2034.01,2156.67,2104.97,1812.20,1823.29,2224.07,2395.12,2589.79,1856.75,1906.20,2285.80,1856.75,1572.92,2067.52,2032.21,1390.54,1640.25,2075.71,2280.06,1765.68,2236.34,1742.23,2287.71,1967.81,-3576.04,-3162.94,-3496.36,-2187.43,-3052.56,-2567.45,-3182.09,-1836.12,-3156.19,-2179.02,-1764.00,-2727.97,-2404.92,-2871.89,-2428.52,-3284.44,-2601.00,-2518.03,-2594.88,-2302.08,-2912.76,-2721.71,-2841.96,-2822.80,-2987.72,-3174.20,-3267.27,-3339.68,-2785.73,-2339.66,-2196.80,-2181.82,-2494.00,-2787.84,-2490.01,-3014.01,-3335.06,-2675.99,-2540.16,-2266.71,-2359.04,-2901.98,-2466.12,-1847.28,-2428.52,-2608.14,-2567.45,-2868.67,-1933.36,-2511.01 
1517.88,1327.14,1290.25,1254.58,1503.89,1775.78,1311.16,1467.66,1133.67,1360.13,1697.44,1404.75,1290.96,1090.98,1904.45,2012.42,1725.57,1518.66,1874.02,1604.00,1645.92,1580.06,1311.89,1506.99,1438.68,1385.33,1480.71,1568.16,1531.94,1322.78,1335.90,1623.28,1718.10,1856.75,1360.13,1386.82,1662.19,1360.13,1144.47,1505.44,1469.19,1034.27,1186.80,1506.22,1653.24,1292.40,1615.24,1265.94,1657.30,1432.62,-2746.81,-2418.67,-2695.69,-1698.26,-2360.02,-1979.36,-2431.48,-1406.25,-2436.41,-1667.91,-1372.70,-2084.84,-1876.62,-2215.58,-1845.56,-2518.03,-1992.73,-1939.52,-2034.01,-1776.62,-2228.78,-2088.49,-2220.29,-2184.63,-2297.28,-2438.38,-2534.12,-2580.64,-2142.76,-1792.68,-1697.44,-1684.28,-1914.94,-2169.70,-1906.20,-2289.62,-2564.41,-2091.23,-1937.76,-1749.75,-1825.85,-2230.67,-1900.96,-1419.78,-1869.70,-1993.62,-1966.92,-2204.30,-1470.72,-1926.33 
1553.94,1355.71,1320.60,1278.78,1539.78,1814.76,1341.02,1499.24,1156.00,1386.82,1737.22,1431.87,1317.69,1118.23,1960.72,2066.61,1774.09,1555.51,1914.94,1641.87,1677.72,1617.65,1351.30,1536.64,1459.24,1410.75,1511.65,1603.20,1568.16,1346.89,1360.13,1661.38,1758.96,1906.20,1386.82,1422.80,1705.69,1386.82,1169.64,1538.21,1506.99,1054.95,1213.83,1539.78,1682.64,1320.60,1649.98,1293.12,1695.79,1465.36,-2720.67,-2395.12,-2662.56,-1674.45,-2330.96,-1946.57,-2402.96,-1394.28,-2406.88,-1648.36,-1354.24,-2064.79,-1852.44,-2180.89,-1836.98,-2498.00,-1962.49,-1914.94,-2001.67,-1755.61,-2195.86,-2072.07,-2179.02,-2147.40,-2275.29,-2416.71,-2500.00,-2544.19,-2114.16,-1782.53,-1677.72,-1666.27,-1897.47,-2123.37,-1874.89,-2265.76,-2536.13,-2061.16,-1916.69,-1727.23,-1792.68,-2199.61,-1880.09,-1407.75,-1843.84,-1969.58,-1943.05,-2180.89,-1468.42,-1904.45 
1862.79,1624.90,1582.45,1531.94,1845.56,2175.29,1606.41,1796.91,1384.58,1662.19,2083.01,1715.62,1579.27,1339.56,2352.25,2478.05,2127.05,1864.51,2296.33,1967.81,2011.52,1938.64,1619.26,1841.27,1748.08,1690.85,1811.35,1921.95,1880.09,1613.63,1629.74,1991.84,2108.65,2285.80,1662.19,1705.69,2045.75,1662.19,1401.00,1843.84,1806.25,1263.80,1453.90,1844.70,2016.01,1582.45,1977.58,1549.21,2033.11,1756.45,-3259.27,-2867.60,-3188.86,-2003.46,-2791.01,-2329.03,-2876.18,-1667.91,-2882.62,-1971.36,-1620.06,-2471.08,-2218.41,-2610.19,-2198.67,-2992.09,-2347.40,-2292.49,-2396.10,-2101.31,-2626.56,-2481.04,-2608.14,-2570.49,-2724.84,-2894.44,-2994.28,-3045.94,-2530.09,-2134.44,-2007.94,-1994.52,-2271.48,-2540.16,-2242.02,-2711.28,-3037.11,-2468.10,-2293.45,-2066.61,-2144.62,-2632.72,-2250.55,-1684.28,-2206.18,-2357.10,-2325.17,-2611.21,-1757.29,-2279.11 
1517.88,1327.14,1290.25,1254.58,1503.89,1775.78,1311.16,1467.66,1133.67,1360.13,1697.44,1404.75,1290.96,1090.98,1904.45,2012.42,1725.57,1518.66,1874.02,1604.00,1645.92,1580.06,1311.89,1506.99,1438.68,1385.33,1480.71,1568.16,1531.94,1322.78,1335.90,1623.28,1718.10,1856.75,1360.13,1386.82,1662.19,1360.13,1144.47,1505.44,1469.19,1034.27,1186.80,1506.22,1653.24,1292.40,1615.24,1265.94,1657.30,1432.62,-2746.81,-2418.67,-2695.69,-1698.26,-2360.02,-1979.36,-2431.48,-1406.25,-2436.41,-1667.91,-1372.70,-2084.84,-1876.62,-2215.58,-1845.56,-2518.03,-1992.73,-1939.52,-2034.01,-1776.62,-2228.78,-2088.49,-2220.29,-2184.63,-2297.28,-2438.38,-2534.12,-2580.64,-2142.76,-1792.68,-1697.44,-1684.28,-1914.94,-2169.70,-1906.20,-2289.62,-2564.41,-2091.23,-1937.76,-1749.75,-1825.85,-2230.67,-1900.96,-1419.78,-1869.70,-1993.62,-1966.92,-2204.30,-1470.72,-1926.33 
1281.64,1116.90,1089.66,1058.20,1271.64,1501.56,1110.22,1238.34,956.05,1144.47,1432.62,1186.11,1086.36,922.34,1609.61,1706.52,1461.53,1283.07,1580.06,1357.92,1384.58,1337.37,1114.22,1270.92,1213.13,1164.17,1250.33,1322.78,1291.68,1115.56,1124.93,1368.26,1455.42,1572.92,1144.47,1169.64,1401.00,1144.47,966.59,1269.50,1242.56,867.30,1004.26,1274.49,1398.01,1089.00,1366.04,1069.29,1399.51,1208.26,-2283.88,-2016.91,-2240.13,-1410.75,-1960.72,-1647.55,-2029.50,-1173.06,-2023.20,-1393.53,-1139.06,-1740.56,-1552.36,-1842.98,-1542.92,-2095.81,-1663.82,-1612.02,-1683.46,-1476.86,-1862.79,-1738.89,-1839.55,-1813.91,-1910.56,-2028.60,-2101.31,-2145.54,-1785.06,-1492.28,-1410.75,-1399.51,-1594.41,-1802.00,-1592.81,-1915.81,-2133.52,-1730.56,-1618.45,-1456.19,-1517.88,-1857.61,-1580.86,-1182.67,-1557.09,-1663.01,-1640.25,-1834.41,-1229.20,-1605.60 
1685.10,1469.19,1431.87,1390.54,1671.17,1974.03,1457.71,1628.12,1255.99,1505.44,1884.43,1558.67,1428.84,1211.04,2117.84,2242.97,1921.07,1686.74,2079.36,1784.22,1822.44,1757.29,1462.30,1671.17,1594.40,1531.94,1643.49,1739.72,1699.09,1466.12,1479.17,1800.31,1912.31,2067.52,1505.44,1538.21,1843.84,1505.44,1269.50,1669.54,1632.97,1141.09,1318.42,1674.45,1836.98,1431.87,1795.22,1404.75,1840.41,1588.82,-3015.11,-2659.46,-2957.18,-1860.20,-2587.76,-2171.56,-2674.96,-1544.49,-2670.82,-1834.41,-1501.56,-2293.45,-2050.28,-2430.49,-2032.21,-2765.71,-2191.18,-2126.13,-2223.12,-1947.46,-2453.22,-2293.45,-2428.52,-2393.17,-2521.04,-2677.03,-2775.18,-2831.30,-2353.22,-1967.81,-1860.20,-1845.56,-2102.22,-2376.56,-2096.72,-2523.05,-2815.36,-2285.80,-2131.67,-1919.32,-2000.77,-2449.26,-2084.84,-1557.88,-2052.09,-2191.18,-2161.32,-2419.66,-1618.45,-2116.00 
1650.80,1434.89,1402.50,1358.66,1638.63,1934.24,1429.60,1592.81,1227.10,1469.19,1845.56,1524.12,1395.02,1187.49,2081.18,2206.18,1888.77,1653.24,2034.01,1750.59,1778.31,1723.91,1440.96,1632.97,1554.73,1493.05,1608.01,1702.39,1663.01,1431.87,1443.24,1761.48,1877.49,2032.21,1469.19,1506.99,1806.25,1469.19,1242.56,1632.97,1602.40,1110.89,1292.40,1641.06,1796.91,1399.51,1758.96,1374.93,1802.85,1554.72,-2886.91,-2550.25,-2827.05,-1775.78,-2473.07,-2073.89,-2564.41,-1481.48,-2552.27,-1758.96,-1432.62,-2200.55,-1953.64,-2321.31,-1955.41,-2651.22,-2097.64,-2032.21,-2116.00,-1861.92,-2350.31,-2198.67,-2310.72,-2281.97,-2413.76,-2564.41,-2648.13,-2705.04,-2251.50,-1887.90,-1778.31,-1764.84,-2014.21,-2261.95,-2007.04,-2423.59,-2694.65,-2177.16,-2044.85,-1835.27,-1907.94,-2342.56,-1994.52,-1493.05,-1962.49,-2099.47,-2070.25,-2316.50,-1558.67,-2026.80 
1147.85,1013.15,977.19,951.11,1133.00,1339.56,987.84,1110.89,861.42,1034.27,1283.07,1060.15,982.82,824.26,1437.93,1508.55,1301.77,1149.89,1420.54,1206.17,1252.45,1192.32,982.20,1149.21,1085.70,1058.85,1123.59,1187.49,1162.81,1001.72,1015.70,1238.34,1282.36,1390.54,1034.27,1054.95,1263.80,1034.27,867.30,1141.09,1110.89,802.02,894.61,1143.12,1244.68,986.59,1213.13,957.28,1251.04,1087.02,-2152.03,-1888.77,-2116.00,-1341.76,-1859.33,-1546.85,-1894.86,-1099.59,-1913.19,-1303.21,-1085.70,-1628.93,-1486.87,-1734.72,-1439.44,-1973.14,-1552.36,-1516.32,-1620.87,-1395.02,-1738.06,-1638.63,-1757.29,-1710.65,-1802.00,-1913.19,-1998.09,-2030.40,-1678.54,-1404.75,-1335.17,-1323.50,-1500.79,-1707.34,-1482.25,-1776.62,-2010.63,-1660.56,-1506.99,-1375.67,-1429.60,-1743.06,-1493.05,-1114.22,-1463.83,-1550.00,-1534.29,-1726.40,-1151.24,-1506.22 
1332.25,1157.36,1132.32,1098.92,1323.50,1562.62,1156.00,1286.66,992.25,1186.80,1489.19,1233.41,1126.27,959.14,1674.45,1780.00,1521.78,1333.71,1641.06,1414.51,1435.65,1392.04,1162.81,1318.42,1260.96,1205.48,1298.88,1374.18,1341.02,1158.72,1166.91,1419.03,1518.66,1640.25,1186.80,1213.83,1453.90,1186.80,1004.26,1318.42,1292.40,894.61,1045.23,1324.96,1455.42,1128.96,1422.80,1111.56,1455.42,1254.58,-2345.46,-2074.80,-2299.20,-1445.52,-2010.63,-1693.32,-2089.40,-1206.17,-2075.71,-1434.14,-1166.22,-1790.98,-1587.23,-1893.12,-1588.82,-2152.96,-1713.13,-1655.68,-1719.76,-1515.54,-1918.44,-1785.91,-1882.69,-1861.92,-1961.60,-2083.01,-2152.96,-2201.49,-1834.41,-1532.72,-1447.04,-1435.65,-1637.82,-1848.14,-1641.06,-1975.80,-2191.18,-1769.04,-1667.09,-1494.60,-1558.67,-1909.69,-1622.48,-1214.52,-1600.00,-1712.30,-1687.57,-1884.43,-1264.51,-1650.80 
1690.03,1471.49,1436.41,1396.52,1677.72,1990.05,1468.42,1633.78,1260.96,1506.22,1889.64,1566.58,1428.84,1212.43,2119.68,2260.05,1933.36,1694.97,2088.49,1796.06,1826.71,1771.57,1468.42,1686.74,1604.80,1535.07,1656.49,1744.73,1702.39,1473.02,1484.56,1809.65,1919.32,2075.71,1506.22,1539.78,1844.70,1506.22,1274.49,1674.45,1641.06,1143.12,1324.96,1694.97,1855.89,1437.93,1804.55,1410.75,1846.42,1592.81,-3086.91,-2735.29,-3034.91,-1912.31,-2658.43,-2235.40,-2759.40,-1582.45,-2734.24,-1894.86,-1536.64,-2363.90,-2088.49,-2501.00,-2087.58,-2833.43,-2265.76,-2172.49,-2284.84,-1993.62,-2546.21,-2350.31,-2499.00,-2454.21,-2581.66,-2743.66,-2843.02,-2918.16,-2425.56,-2007.04,-1904.45,-1885.30,-2153.89,-2457.18,-2171.56,-2607.12,-2891.21,-2339.66,-2193.99,-1974.02,-2057.53,-2520.04,-2136.29,-1594.40,-2111.40,-2250.55,-2223.12,-2481.04,-1657.30,-2175.29 
1853.30,1610.42,1574.50,1534.29,1842.13,2185.56,1612.83,1793.52,1383.84,1653.24,2072.98,1723.91,1566.58,1329.33,2317.46,2480.04,2115.08,1856.75,2290.58,1973.14,2004.35,1943.05,1609.61,1847.28,1771.57,1682.64,1816.46,1914.06,1864.51,1620.06,1630.54,1977.58,2115.08,2280.06,1653.24,1682.64,2016.01,1653.24,1398.01,1836.98,1796.91,1244.68,1455.42,1855.89,2044.85,1572.92,1986.48,1549.21,2026.80,1745.57,-3404.72,-3019.50,-3350.09,-2107.73,-2930.06,-2478.05,-3051.46,-1745.57,-3018.40,-2093.06,-1693.32,-2608.14,-2300.16,-2768.86,-2298.24,-3121.46,-2511.01,-2403.94,-2513.02,-2200.55,-2818.55,-2587.76,-2760.45,-2720.67,-2846.22,-3022.80,-3136.00,-3220.56,-2680.13,-2209.00,-2100.39,-2079.36,-2374.61,-2723.80,-2409.83,-2884.76,-3189.99,-2575.56,-2427.53,-2178.09,-2281.97,-2788.90,-2356.13,-1756.45,-2334.82,-2493.00,-2459.17,-2738.43,-1819.02,-2402.96 
1444.00,1263.09,1227.80,1193.01,1430.35,1690.85,1248.21,1395.77,1078.47,1292.40,1614.43,1335.17,1227.10,1037.48,1813.06,1916.69,1645.11,1446.28,1783.37,1526.46,1564.99,1505.44,1248.92,1437.17,1366.04,1317.69,1410.75,1491.50,1457.71,1257.41,1270.21,1547.64,1631.35,1765.68,1292.40,1320.60,1582.45,1292.40,1089.00,1431.87,1399.51,986.59,1128.96,1437.93,1572.92,1231.31,1535.07,1204.09,1576.09,1363.09,-2621.44,-2310.72,-2573.53,-1623.28,-2255.30,-1887.90,-2323.24,-1342.49,-2324.20,-1595.20,-1310.44,-1993.62,-1789.29,-2114.16,-1764.84,-2404.92,-1903.58,-1847.28,-1945.69,-1694.97,-2132.59,-1995.41,-2120.60,-2081.18,-2193.05,-2329.03,-2418.67,-2467.11,-2047.56,-1710.65,-1620.06,-1606.41,-1828.42,-2072.07,-1820.73,-2188.37,-2449.26,-1997.20,-1849.86,-1671.99,-1740.56,-2128.90,-1814.76,-1355.71,-1785.06,-1900.96,-1877.49,-2104.06,-1407.00,-1839.55 
1813.91,1573.71,1540.56,1496.14,1802.85,2130.75,1574.50,1752.26,1349.83,1615.24,2028.60,1681.00,1531.94,1303.93,2279.11,2427.53,2072.07,1815.61,2236.34,1928.09,1955.41,1896.60,1582.45,1795.22,1720.59,1640.25,1769.04,1871.43,1825.00,1578.47,1588.82,1930.72,2072.07,2236.34,1615.24,1649.98,1977.58,1615.24,1366.04,1795.22,1758.96,1213.13,1422.80,1804.55,1986.48,1535.07,1940.40,1513.21,1982.92,1707.34,-3210.36,-2840.89,-3148.33,-1975.80,-2751.00,-2320.35,-2863.32,-1647.55,-2840.89,-1962.49,-1592.01,-2451.24,-2167.83,-2593.86,-2171.56,-2945.23,-2348.37,-2265.76,-2350.31,-2072.07,-2630.66,-2441.35,-2577.59,-2551.26,-2683.24,-2849.42,-2946.32,-3015.11,-2512.01,-2093.06,-1977.58,-1961.60,-2239.18,-2534.12,-2250.55,-2708.16,-2999.75,-2417.69,-2282.93,-2043.94,-2135.36,-2616.32,-2218.41,-1658.12,-2190.24,-2345.46,-2310.72,-2578.61,-1724.74,-2259.10 
