1702.39,1481.48,1446.28,1402.50,1689.21,1993.62,1473.02,1643.49,1266.65,1517.88,1903.58,1572.92,1440.96,1224.30,2143.69,2270.52,1943.93,1704.04,2098.56,1803.70,1836.98,1775.78,1482.25,1684.28,1606.41,1542.92,1658.12,1756.45,1715.62,1478.40,1490.73,1816.46,1935.12,2093.06,1517.88,1553.94,1862.79,1517.88,1281.64,1685.10,-2998.66,-2646.07,-2937.64,-1845.56,-2569.48,-2155.74,-2660.50,-1537.42,-2653.28,-1824.14,-1489.96,-2281.97,-2034.01,-2412.77,-2025.90,-2752.05,-2177.16,-2113.24,-2201.49,-1935.12,-2437.40,-2281.97,-2404.92,-2374.61,-2507.00,-2662.56,-2754.15,-2810.06,-2337.72,-1959.83,-1848.14,-1834.41,-2091.23,-2353.22,-2083.01,-2512.01,-2798.41,-2265.76,-2121.52,-1906.20 
1481.48,1296.72,1259.54,1223.60,1466.89,1732.22,1278.78,1431.87,1106.23,1327.14,1656.49,1369.00,1260.25,1064.72,1861.06,1963.38,1685.92,1483.02,1829.27,1564.20,1606.41,1542.13,1280.21,1472.26,1400.26,1352.77,1445.52,1530.37,1496.14,1289.53,1303.21,1587.23,1672.81,1810.50,1327.14,1355.71,1624.90,1327.14,1116.90,1469.19,-2679.10,-2358.07,-2628.61,-1657.30,-2303.04,-1926.33,-2368.77,-1371.22,-2375.59,-1625.70,-1339.56,-2033.11,-1831.84,-2157.60,-1801.15,-2457.18,-1939.52,-1888.77,-1987.38,-1732.22,-2170.63,-2038.52,-2165.04,-2126.13,-2241.08,-2379.49,-2472.08,-2517.03,-2088.49,-1749.75,-1655.68,-1642.68,-1867.97,-2112.32,-1854.16,-2229.73,-2501.00,-2042.14,-1887.03,-1706.52 
1446.28,1259.54,1229.20,1192.32,1434.89,1693.32,1251.74,1396.52,1077.15,1290.25,1616.84,1336.63,1225.00,1040.71,1819.88,1927.21,1650.80,1447.80,1782.53,1531.94,1561.04,1508.55,1258.83,1431.87,1365.30,1311.89,1409.25,1492.28,1457.71,1256.70,1267.36,1543.70,1642.68,1776.62,1290.25,1320.60,1582.45,1290.25,1089.66,1431.87,-2553.28,-2253.40,-2502.00,-1573.71,-2189.30,-1836.98,-2265.76,-1310.44,-2260.05,-1554.72,-1270.92,-1943.93,-1733.89,-2055.72,-1725.57,-2343.53,-1855.02,-1800.30,-1877.49,-1649.17,-2076.63,-1943.93,-2050.28,-2023.20,-2135.36,-2267.66,-2346.43,-2394.14,-1991.84,-1669.54,-1575.30,-1563.41,-1781.68,-2006.14,-1774.94,-2139.06,-2383.39,-1931.60,-1807.10,-1624.90 
1402.50,1223.60,1192.32,1160.08,1391.29,1645.11,1215.22,1356.45,1047.82,1254.58,1568.16,1300.32,1190.25,1008.06,1757.29,1865.38,1596.80,1404.00,1731.39,1486.10,1518.66,1463.83,1215.22,1394.28,1332.98,1277.35,1370.48,1448.56,1413.76,1223.60,1234.12,1498.46,1592.01,1718.93,1254.58,1278.78,1531.94,1254.58,1058.20,1390.54,-2545.20,-2247.71,-2500.00,-1575.30,-2188.37,-1841.27,-2263.86,-1305.38,-2257.20,-1553.94,-1270.92,-1939.52,-1732.22,-2059.34,-1714.79,-2333.86,-1858.47,-1797.76,-1882.69,-1646.74,-2081.18,-1936.00,-2059.34,-2027.70,-2128.90,-2260.05,-2346.43,-2397.08,-1992.73,-1658.93,-1572.92,-1559.46,-1775.78,-2019.60,-1780.00,-2135.36,-2379.49,-1933.36,-1803.70,-1624.90 
1689.21,1466.89,1434.89,1391.29,1677.72,1980.25,1463.83,1630.54,1255.99,1503.89,1888.77,1561.83,1427.33,1215.22,2127.05,2258.15,1930.72,1690.85,2081.18,1792.68,1819.88,1764.00,1474.56,1669.54,1595.20,1527.25,1645.11,1742.23,1700.74,1466.89,1477.63,1799.46,1925.45,2081.18,1503.89,1539.78,1845.56,1503.89,1271.64,1671.17,-2957.18,-2613.25,-2896.59,-1818.17,-2532.10,-2128.90,-2629.64,-1517.88,-2615.30,-1802.85,-1466.89,-2254.35,-1999.88,-2381.44,-2001.67,-2714.41,-2152.96,-2084.84,-2164.11,-1907.94,-2410.81,-2250.55,-2367.80,-2342.56,-2472.08,-2625.54,-2712.33,-2770.97,-2307.84,-1932.48,-1821.58,-1807.95,-2062.98,-2321.31,-2061.16,-2486.02,-2760.45,-2227.84,-2097.64,-1880.09 
1993.62,1732.22,1693.32,1645.11,1980.25,2344.50,1730.56,1926.33,1484.56,1775.78,2229.73,1847.28,1684.28,1431.11,2504.00,2667.72,2279.11,1997.20,2461.15,2118.76,2152.03,2086.66,1735.56,1980.25,1891.38,1806.25,1948.34,2057.53,2007.04,1735.56,1748.08,2127.98,2271.48,2454.21,1775.78,1814.76,2175.29,1775.78,1501.56,1974.03,-3579.63,-3168.56,-3514.12,-2208.06,-3073.59,-2587.76,-3194.51,-1834.41,-3168.56,-2190.24,-1776.62,-2735.29,-2418.67,-2894.44,-2419.66,-3284.44,-2620.42,-2522.05,-2632.72,-2309.76,-2939.81,-2722.75,-2883.69,-2844.09,-2992.09,-3178.70,-3290.17,-3370.96,-2804.76,-2329.99,-2205.24,-2185.56,-2496.00,-2834.50,-2511.01,-3019.50,-3347.78,-2702.96,-2543.19,-2281.97 
1473.02,1278.78,1251.74,1215.22,1463.83,1730.56,1279.49,1422.80,1096.93,1311.16,1646.74,1364.56,1243.97,1059.50,1850.72,1971.36,1684.28,1475.33,1815.61,1565.78,1587.23,1541.35,1285.94,1460.00,1395.77,1332.25,1437.93,1519.44,1482.25,1281.64,1290.25,1569.74,1680.18,1814.76,1311.16,1341.02,1606.41,1311.16,1110.22,1457.71,-2609.17,-2310.72,-2559.35,-1608.81,-2238.24,-1886.16,-2329.03,-1341.02,-2308.80,-1598.40,-1296.00,-1995.41,-1762.32,-2108.65,-1768.20,-2395.12,-1910.56,-1840.41,-1914.06,-1685.10,-2141.84,-1986.48,-2096.72,-2072.07,-2181.82,-2317.46,-2395.12,-2453.22,-2043.94,-1702.39,-1608.81,-1595.20,-1821.58,-2061.16,-1830.98,-2203.36,-2439.37,-1966.92,-1856.75,-1663.82 
1643.49,1431.87,1396.52,1356.45,1630.54,1926.33,1422.80,1588.02,1225.00,1467.66,1837.84,1521.00,1392.78,1181.30,2064.79,2189.30,1874.02,1645.11,2027.70,1741.39,1776.62,1714.79,1427.33,1629.74,1556.30,1493.05,1603.20,1696.62,1656.49,1430.35,1442.48,1754.77,1867.10,2017.81,1467.66,1499.24,1796.91,1467.66,1238.34,1628.12,-2938.72,-2593.86,-2882.62,-1813.06,-2522.05,-2118.76,-2610.19,-1506.22,-2603.04,-1790.14,-1463.06,-2237.29,-1996.30,-2370.72,-1982.03,-2695.69,-2139.06,-2072.98,-2165.04,-1898.34,-2395.12,-2235.40,-2366.82,-2333.86,-2457.18,-2609.17,-2704.00,-2760.45,-2295.37,-1917.56,-1813.06,-1798.61,-2049.37,-2318.42,-2047.56,-2463.14,-2744.71,-2225.95,-2080.27,-1871.43 
1266.65,1106.23,1077.15,1047.82,1255.99,1484.56,1096.93,1225.00,946.79,1133.67,1416.02,1173.75,1075.84,910.83,1587.23,1682.64,1441.72,1268.07,1563.41,1341.02,1371.96,1321.32,1096.93,1259.54,1202.70,1154.64,1237.63,1308.27,1277.35,1104.90,1114.89,1354.24,1435.65,1550.78,1133.67,1156.00,1384.58,1133.67,956.05,1255.99,-2298.24,-2028.60,-2257.20,-1423.55,-1976.69,-1661.38,-2042.14,-1179.24,-2038.52,-1402.50,-1149.21,-1750.59,-1566.58,-1858.47,-1548.42,-2107.73,-1676.08,-1623.28,-1702.39,-1487.64,-1876.62,-1748.91,-1860.20,-1830.13,-1922.82,-2041.23,-2119.68,-2164.11,-1798.61,-1499.24,-1421.29,-1409.25,-1604.00,-1822.44,-1604.80,-1925.45,-2148.32,-1748.08,-1627.32,-1467.66 
1517.88,1327.14,1290.25,1254.58,1503.89,1775.78,1311.16,1467.66,1133.67,1360.13,1697.44,1404.75,1290.96,1090.98,1904.45,2012.42,1725.57,1518.66,1874.02,1604.00,1645.92,1580.06,1311.89,1506.99,1438.68,1385.33,1480.71,1568.16,1531.94,1322.78,1335.90,1623.28,1718.10,1856.75,1360.13,1386.82,1662.19,1360.13,1144.47,1505.44,-2746.81,-2418.67,-2695.69,-1698.26,-2360.02,-1979.36,-2431.48,-1406.25,-2436.41,-1667.91,-1372.70,-2084.84,-1876.62,-2215.58,-1845.56,-2518.03,-1992.73,-1939.52,-2034.01,-1776.62,-2228.78,-2088.49,-2220.29,-2184.63,-2297.28,-2438.38,-2534.12,-2580.64,-2142.76,-1792.68,-1697.44,-1684.28,-1914.94,-2169.70,-1906.20,-2289.62,-2564.41,-2091.23,-1937.76,-1749.75 
1903.58,1656.49,1616.84,1568.16,1888.77,2229.73,1646.74,1837.84,1416.02,1697.44,2128.90,1758.96,1611.22,1368.26,2397.08,2539.15,2173.43,1905.32,2347.40,2016.91,2054.81,1985.59,1656.49,1883.56,1796.91,1725.57,1854.16,1964.26,1918.44,1653.24,1667.09,2031.31,2164.11,2340.62,1697.44,1737.22,2083.01,1697.44,1432.62,1884.43,-3360.52,-2964.80,-3292.46,-2067.52,-2879.40,-2415.72,-2981.16,-1721.42,-2973.52,-2043.04,-1668.72,-2556.31,-2279.11,-2704.00,-2268.62,-3083.58,-2439.37,-2367.80,-2467.11,-2167.83,-2731.11,-2556.31,-2695.69,-2661.53,-2809.00,-2983.34,-3086.91,-3149.45,-2619.39,-2194.92,-2070.25,-2054.81,-2342.56,-2637.85,-2333.86,-2814.30,-3136.00,-2539.15,-2376.56,-2135.36 
1572.92,1369.00,1336.63,1300.32,1561.83,1847.28,1364.56,1521.00,1173.75,1404.75,1758.96,1459.24,1332.25,1130.30,1971.36,2097.64,1792.68,1574.50,1941.28,1669.54,1700.74,1643.49,1366.04,1561.83,1496.14,1428.84,1536.64,1624.09,1584.04,1371.96,1382.35,1677.72,1790.98,1932.48,1404.75,1431.87,1715.62,1404.75,1186.11,1558.67,-2838.76,-2510.01,-2787.84,-1753.93,-2438.38,-2055.72,-2530.09,-1456.19,-2516.03,-1735.56,-1413.76,-2165.97,-1925.45,-2298.24,-1914.94,-2603.04,-2077.54,-2005.25,-2092.15,-1835.27,-2327.10,-2158.53,-2292.49,-2261.95,-2373.64,-2520.04,-2613.25,-2672.89,-2224.07,-1849.00,-1752.26,-1737.22,-1980.25,-2252.45,-1990.94,-2389.25,-2654.31,-2149.25,-2016.01,-1811.35 
1440.96,1260.25,1225.00,1190.25,1427.33,1684.28,1243.97,1392.78,1075.84,1290.96,1611.22,1332.25,1225.70,1036.20,1809.65,1909.69,1638.63,1441.72,1778.31,1521.78,1561.83,1499.24,1246.09,1429.60,1363.09,1314.79,1404.75,1488.42,1454.66,1254.58,1267.36,1541.35,1629.74,1762.32,1290.96,1317.69,1579.27,1290.96,1086.36,1428.84,-2592.85,-2281.97,-2543.19,-1602.40,-2226.90,-1865.38,-2292.49,-1327.87,-2299.20,-1572.92,-1296.00,-1966.92,-1772.41,-2088.49,-1743.06,-2377.54,-1877.49,-1830.13,-1919.32,-1676.90,-2099.47,-1972.25,-2093.06,-2059.34,-2168.77,-2302.08,-2391.21,-2433.45,-2020.50,-1694.15,-1602.40,-1590.41,-1807.95,-2043.04,-1795.22,-2158.53,-2419.66,-1974.02,-1827.56,-1650.80 
1224.30,1064.72,1040.71,1008.06,1215.22,1431.11,1059.50,1181.30,910.83,1090.98,1368.26,1130.30,1036.20,882.68,1542.92,1632.16,1398.01,1225.00,1506.22,1296.72,1318.42,1275.92,1069.29,1207.56,1152.60,1107.56,1190.25,1262.38,1233.41,1062.11,1070.60,1303.93,1392.78,1506.22,1090.98,1118.23,1339.56,1090.98,922.34,1211.04,-2116.92,-1867.97,-2071.16,-1301.77,-1811.35,-1520.22,-1876.62,-1089.00,-1872.29,-1288.09,-1053.00,-1611.22,-1436.41,-1700.74,-1434.14,-1943.93,-1535.07,-1493.82,-1549.21,-1367.52,-1716.44,-1612.83,-1691.68,-1674.45,-1770.73,-1880.09,-1941.28,-1978.47,-1648.36,-1388.31,-1306.10,-1297.44,-1478.40,-1654.05,-1468.42,-1773.25,-1974.02,-1596.80,-1499.24,-1345.42 
2143.69,1861.06,1819.88,1757.29,2127.05,2504.00,1850.72,2064.79,1587.23,1904.45,2397.08,1971.36,1809.65,1542.92,2716.49,2866.53,2456.19,2145.54,2637.85,2269.57,2304.00,2233.51,1876.62,2108.65,2003.46,1932.48,2079.36,2209.00,2160.39,1850.72,1866.24,2284.84,2438.38,2644.02,1904.45,1960.72,2352.25,1904.45,1609.61,2117.84,-3638.50,-3205.82,-3552.16,-2224.07,-3104.72,-2592.85,-3214.89,-1864.51,-3210.36,-2201.49,-1797.76,-2762.55,-2460.16,-2905.21,-2466.12,-3343.15,-2619.39,-2556.31,-2648.13,-2340.62,-2931.14,-2770.97,-2885.84,-2857.97,-3040.42,-3230.79,-3326.98,-3387.24,-2819.61,-2387.30,-2235.40,-2222.18,-2536.13,-2813.24,-2502.00,-3038.21,-3387.24,-2733.20,-2566.44,-2300.16 
2270.52,1963.38,1927.21,1865.38,2258.15,2667.72,1971.36,2189.30,1682.64,2012.42,2539.15,2097.64,1909.69,1632.16,2866.53,3053.67,2606.10,2274.34,2796.29,2416.71,2437.40,2377.54,1992.73,2241.08,2139.06,2041.23,2210.88,2339.66,2282.93,1966.92,1978.47,2415.72,2597.94,2810.06,2012.42,2066.61,2478.05,2012.42,1706.52,2242.97,-3917.51,-3470.39,-3834.09,-2400.02,-3348.94,-2817.49,-3495.17,-2010.63,-3457.44,-2394.14,-1931.60,-2995.37,-2629.64,-3151.70,-2662.56,-3598.80,-2859.04,-2755.20,-2848.36,-2521.04,-3206.96,-2982.25,-3120.34,-3093.58,-3272.98,-3478.64,-3580.83,-3668.72,-3059.20,-2558.34,-2405.90,-2387.30,-2732.15,-3065.84,-2738.43,-3312.00,-3657.83,-2932.22,-2786.78,-2487.02 
1943.93,1685.92,1650.80,1596.80,1930.72,2279.11,1684.28,1874.02,1441.72,1725.57,2173.43,1792.68,1638.63,1398.01,2456.19,2606.10,2229.73,1947.46,2394.14,2063.89,2089.40,2032.21,1702.39,1920.19,1825.85,1752.26,1892.25,2003.46,1957.18,1682.64,1694.97,2072.98,2214.64,2399.04,1725.57,1774.09,2127.05,1725.57,1461.53,1921.07,-3358.20,-2969.16,-3285.58,-2060.25,-2872.96,-2407.86,-2985.53,-1723.08,-2964.80,-2046.66,-1660.56,-2562.38,-2263.86,-2695.69,-2280.06,-3085.80,-2439.37,-2360.02,-2451.24,-2162.25,-2735.29,-2558.34,-2677.03,-2647.10,-2806.88,-2983.34,-3073.59,-3142.72,-2617.35,-2196.80,-2064.79,-2049.37,-2342.56,-2621.44,-2333.86,-2824.92,-3133.76,-2523.05,-2380.46,-2131.67 
1704.04,1483.02,1447.80,1404.00,1690.85,1997.20,1475.33,1645.11,1268.07,1518.66,1905.32,1574.50,1441.72,1225.00,2145.54,2274.34,1947.46,1706.52,2101.31,1806.25,1838.69,1779.15,1483.79,1688.39,1608.01,1544.49,1661.38,1758.12,1717.27,1479.94,1492.28,1819.88,1936.00,2094.89,1518.66,1555.51,1864.51,1518.66,1283.07,1686.74,-3014.01,-2661.53,-2953.92,-1856.75,-2584.71,-2167.83,-2677.03,-1545.28,-2666.69,-1836.12,-1497.69,-2296.33,-2043.04,-2426.55,-2037.62,-2766.76,-2191.18,-2122.44,-2215.58,-1944.81,-2455.20,-2294.41,-2419.66,-2386.32,-2520.04,-2677.03,-2768.86,-2828.11,-2352.25,-1968.70,-1857.61,-1842.98,-2102.22,-2368.77,-2096.72,-2528.08,-2814.30,-2278.15,-2133.52,-1917.56 
2098.56,1829.27,1782.53,1731.39,2081.18,2461.15,1815.61,2027.70,1563.41,1874.02,2347.40,1941.28,1778.31,1506.22,2637.85,2796.29,2394.14,2101.31,2591.83,2223.12,2270.52,2190.24,1819.88,2083.92,1986.48,1907.94,2048.47,2166.90,2116.00,1825.85,1842.13,2243.92,2381.44,2575.56,1874.02,1914.94,2296.33,1874.02,1580.06,2079.36,-3778.56,-3333.91,-3707.59,-2330.96,-3244.44,-2721.71,-3354.73,-1932.48,-3346.62,-2299.20,-1879.22,-2875.10,-2566.44,-3047.04,-2545.20,-3465.68,-2747.86,-2661.53,-2787.84,-2438.38,-3079.14,-2872.96,-3045.94,-2998.66,-3158.44,-3354.73,-3478.64,-3552.16,-2950.66,-2462.14,-2329.03,-2309.76,-2632.72,-2982.25,-2629.64,-3164.06,-3529.55,-2864.39,-2670.82,-2404.92 
1803.70,1564.20,1531.94,1486.10,1792.68,2118.76,1565.78,1741.39,1341.02,1604.00,2016.91,1669.54,1521.78,1296.72,2269.57,2416.71,2063.89,1806.25,2223.12,1917.56,1942.16,1887.03,1576.09,1785.06,1706.52,1628.93,1758.96,1860.20,1814.76,1567.37,1577.68,1921.07,2059.34,2225.01,1604.00,1641.87,1967.81,1604.00,1357.92,1784.22,-3173.07,-2809.00,-3110.29,-1951.87,-2718.58,-2289.62,-2830.24,-1628.93,-2805.82,-1940.40,-1572.12,-2424.58,-2139.99,-2560.36,-2150.18,-2912.76,-2319.39,-2236.34,-2321.31,-2046.66,-2599.98,-2414.74,-2543.19,-2516.03,-2652.25,-2817.49,-2909.52,-2978.98,-2482.03,-2070.25,-1953.64,-1937.76,-2213.70,-2499.00,-2222.18,-2678.06,-2964.80,-2387.30,-2256.25,-2019.60 
1836.98,1606.41,1561.04,1518.66,1819.88,2152.03,1587.23,1776.62,1371.96,1645.92,2054.81,1700.74,1561.83,1318.42,2304.00,2437.40,2089.40,1838.69,2270.52,1942.16,1993.62,1914.06,1585.63,1827.56,1743.06,1677.72,1794.37,1898.34,1854.16,1601.60,1617.65,1966.92,2078.45,2246.76,1645.92,1677.72,2011.52,1645.92,1384.58,1822.44,-3358.20,-2958.27,-3298.21,-2077.54,-2887.99,-2421.62,-2975.70,-1716.45,-2978.98,-2040.33,-1676.90,-2550.25,-2292.49,-2711.28,-2254.35,-3078.03,-2439.37,-2368.77,-2491.01,-2170.63,-2731.11,-2552.27,-2719.62,-2671.86,-2807.94,-2981.16,-3100.26,-3160.69,-2622.46,-2187.43,-2073.89,-2056.62,-2339.66,-2659.46,-2333.86,-2801.59,-3137.12,-2558.34,-2368.77,-2139.99 
1775.78,1542.13,1508.55,1463.83,1764.00,2086.66,1541.35,1714.79,1321.32,1580.06,1985.59,1643.49,1499.24,1275.92,2233.51,2377.54,2032.21,1779.15,2190.24,1887.03,1914.06,1858.47,1549.21,1761.48,1680.18,1606.41,1733.89,1831.84,1787.60,1543.70,1554.73,1894.86,2023.20,2187.43,1580.06,1617.65,1938.64,1580.06,1337.37,1757.29,-3152.82,-2791.01,-3092.47,-1943.05,-2705.04,-2275.29,-2812.18,-1617.65,-2788.90,-1928.97,-1564.20,-2409.83,-2128.90,-2545.20,-2135.36,-2894.44,-2304.96,-2220.29,-2314.57,-2034.01,-2585.72,-2400.02,-2533.11,-2500.00,-2635.80,-2800.53,-2894.44,-2964.80,-2468.10,-2055.72,-1942.16,-1925.45,-2199.61,-2488.01,-2208.06,-2659.46,-2947.40,-2377.54,-2240.13,-2008.83 
1482.25,1280.21,1258.83,1215.22,1474.56,1735.56,1285.94,1427.33,1096.93,1311.89,1656.49,1366.04,1246.09,1069.29,1876.62,1992.73,1702.39,1483.79,1819.88,1576.09,1585.63,1549.21,1307.55,1454.66,1388.31,1327.87,1437.93,1525.68,1489.96,1280.21,1287.37,1572.92,1697.44,1836.98,1311.89,1351.30,1619.26,1311.89,1114.22,1462.30,-2470.09,-2186.50,-2410.81,-1508.55,-2104.97,-1769.04,-2197.73,-1273.06,-2177.16,-1506.99,-1218.01,-1887.03,-1658.12,-1978.47,-1685.92,-2271.48,-1794.37,-1738.89,-1784.22,-1590.41,-2008.83,-1883.56,-1951.87,-1943.05,-2064.79,-2193.99,-2250.55,-2300.16,-1921.95,-1622.48,-1517.88,-1508.55,-1725.57,-1913.19,-1717.27,-2084.84,-2302.08,-1842.13,-1757.29,-1564.99 
1684.28,1472.26,1431.87,1394.28,1669.54,1980.25,1460.00,1629.74,1259.54,1506.99,1883.56,1561.83,1429.60,1207.56,2108.65,2241.08,1920.19,1688.39,2083.92,1785.06,1827.56,1761.48,1454.66,1684.28,1602.40,1538.21,1651.61,1740.56,1699.09,1470.72,1484.56,1807.10,1905.32,2060.25,1506.99,1536.64,1841.27,1506.99,1270.92,1671.17,-3130.40,-2766.76,-3080.25,-1943.93,-2699.84,-2266.71,-2788.90,-1601.60,-2777.29,-1914.94,-1564.20,-2389.25,-2130.75,-2537.14,-2106.81,-2870.82,-2290.58,-2205.24,-2330.96,-2024.10,-2571.50,-2381.44,-2546.21,-2494.00,-2618.37,-2781.51,-2892.29,-2961.54,-2457.18,-2034.01,-1934.24,-1914.94,-2182.76,-2498.00,-2193.99,-2628.61,-2931.14,-2386.32,-2216.53,-2002.56 
1606.41,1400.26,1365.30,1332.98,1595.20,1891.38,1395.77,1556.30,1202.70,1438.68,1796.91,1496.14,1363.09,1152.60,2003.46,2139.06,1825.85,1608.01,1986.48,1706.52,1743.06,1680.18,1388.31,1602.40,1540.56,1465.36,1574.50,1660.56,1617.65,1407.75,1418.28,1714.79,1829.27,1969.58,1438.68,1459.24,1748.08,1438.68,1213.13,1594.40,-2991.00,-2647.10,-2945.23,-1855.89,-2576.58,-2179.96,-2673.92,-1532.72,-2656.37,-1834.41,-1493.82,-2284.84,-2032.21,-2435.42,-2010.63,-2739.48,-2202.43,-2116.92,-2217.47,-1936.88,-2468.10,-2271.48,-2435.42,-2398.06,-2501.00,-2654.31,-2762.55,-2830.24,-2353.22,-1940.40,-1849.00,-1830.98,-2085.75,-2400.02,-2113.24,-2523.05,-2801.58,-2273.38,-2127.98,-1914.94 
1542.92,1352.77,1311.89,1277.35,1527.25,1806.25,1332.25,1493.05,1154.64,1385.33,1725.57,1428.84,1314.79,1107.56,1932.48,2041.23,1752.26,1544.49,1907.94,1628.93,1677.72,1606.41,1327.87,1538.21,1465.36,1413.76,1508.55,1595.20,1558.67,1346.89,1361.61,1654.86,1740.56,1881.82,1385.33,1410.75,1690.85,1385.33,1164.17,1531.94,-2851.56,-2510.01,-2802.64,-1769.04,-2456.19,-2057.53,-2524.06,-1457.71,-2532.10,-1732.22,-1428.84,-2164.11,-1953.64,-2304.00,-1911.44,-2613.25,-2070.25,-2012.42,-2125.21,-1845.56,-2317.46,-2167.83,-2317.46,-2271.48,-2385.35,-2532.10,-2637.85,-2687.39,-2227.84,-1857.61,-1764.00,-1748.91,-1987.38,-2263.86,-1980.25,-2373.64,-2664.62,-2180.89,-2008.83,-1819.88 
1658.12,1445.52,1409.25,1370.48,1645.11,1948.34,1437.93,1603.20,1237.63,1480.71,1854.16,1536.64,1404.75,1190.25,2079.36,2210.88,1892.25,1661.38,2048.47,1758.96,1794.37,1733.89,1437.93,1651.61,1574.50,1508.55,1622.48,1712.30,1671.17,1445.52,1457.71,1774.09,1881.82,2034.01,1480.71,1511.65,1811.35,1480.71,1250.33,1643.49,-3020.60,-2670.82,-2968.07,-1869.70,-2598.96,-2184.63,-2691.53,-1547.64,-2677.03,-1847.28,-1505.44,-2305.92,-2050.28,-2444.31,-2037.62,-2770.97,-2209.00,-2128.90,-2235.40,-1951.87,-2478.05,-2298.24,-2444.31,-2402.96,-2526.07,-2683.24,-2783.62,-2849.42,-2367.80,-1966.04,-1864.51,-1847.28,-2106.81,-2399.04,-2116.00,-2540.16,-2825.99,-2292.49,-2141.84,-1928.97 
1756.45,1530.37,1492.28,1448.56,1742.23,2057.53,1519.44,1696.62,1308.27,1568.16,1964.26,1624.09,1488.42,1262.38,2209.00,2339.66,2003.46,1758.12,2166.90,1860.20,1898.34,1831.84,1525.68,1740.56,1660.56,1595.20,1712.30,1813.06,1770.73,1527.25,1540.56,1875.76,1994.52,2156.67,1568.16,1603.20,1921.95,1568.16,1322.78,1739.72,-3128.16,-2759.40,-3066.94,-1928.09,-2683.24,-2251.50,-2775.18,-1602.40,-2769.92,-1902.70,-1556.30,-2379.49,-2125.21,-2520.04,-2109.56,-2869.74,-2272.43,-2205.24,-2303.04,-2019.60,-2544.19,-2379.49,-2516.03,-2481.04,-2615.30,-2777.29,-2877.25,-2935.47,-2440.36,-2042.14,-1928.97,-1914.06,-2180.89,-2462.14,-2174.36,-2618.37,-2920.32,-2368.77,-2211.82,-1990.05 
1715.62,1496.14,1457.71,1413.76,1700.74,2007.04,1482.25,1656.49,1277.35,1531.94,1918.44,1584.04,1454.66,1233.41,2160.39,2282.93,1957.18,1717.27,2116.00,1814.76,1854.16,1787.60,1489.96,1699.09,1617.65,1558.67,1671.17,1770.73,1730.56,1489.96,1503.89,1833.55,1944.81,2104.97,1531.94,1568.16,1880.09,1531.94,1291.68,1699.09,-3040.42,-2679.10,-2978.98,-1873.16,-2607.12,-2182.76,-2691.53,-1557.09,-2691.53,-1845.56,-1513.21,-2309.76,-2068.43,-2444.31,-2050.28,-2789.95,-2201.49,-2141.84,-2239.18,-1962.49,-2464.13,-2313.61,-2442.34,-2406.88,-2542.18,-2699.84,-2796.29,-2849.42,-2367.80,-1987.38,-1874.89,-1861.06,-2119.68,-2385.35,-2104.97,-2538.14,-2836.63,-2304.00,-2145.54,-1932.48 
1478.40,1289.53,1256.70,1223.60,1466.89,1735.56,1281.64,1430.35,1104.90,1322.78,1653.24,1371.96,1254.58,1062.11,1850.72,1966.92,1682.64,1479.94,1825.85,1567.37,1601.60,1543.70,1280.21,1470.72,1407.75,1346.89,1445.52,1527.25,1489.96,1290.96,1301.77,1579.27,1679.36,1812.20,1322.78,1346.89,1613.63,1322.78,1115.56,1466.12,-2697.76,-2383.39,-2651.22,-1670.36,-2320.35,-1954.52,-2401.98,-1383.10,-2393.17,-1648.36,-1346.89,-2056.62,-1835.27,-2185.56,-1816.46,-2473.07,-1973.14,-1906.20,-1996.30,-1745.57,-2209.94,-2051.18,-2185.56,-2152.03,-2256.25,-2395.12,-2488.01,-2543.18,-2114.16,-1756.45,-1667.09,-1652.42,-1881.82,-2145.54,-1890.51,-2265.76,-2523.05,-2049.37,-1913.19,-1723.08 
1490.73,1303.21,1267.36,1234.12,1477.63,1748.08,1290.25,1442.48,1114.89,1335.90,1667.09,1382.35,1267.36,1070.60,1866.24,1978.47,1694.97,1492.28,1842.13,1577.68,1617.65,1554.73,1287.37,1484.56,1418.28,1361.61,1457.71,1540.56,1503.89,1301.77,1314.06,1595.20,1688.39,1823.29,1335.90,1360.13,1629.74,1335.90,1124.93,1479.17,-2737.38,-2414.74,-2690.50,-1696.62,-2356.13,-1980.25,-2431.48,-1401.75,-2429.50,-1668.72,-1369.00,-2083.01,-1867.97,-2215.58,-1839.55,-2509.01,-1996.30,-1933.36,-2032.21,-1771.57,-2235.40,-2081.18,-2221.24,-2182.76,-2289.62,-2430.49,-2528.08,-2580.64,-2142.76,-1782.53,-1692.50,-1677.72,-1908.82,-2176.22,-1911.44,-2290.58,-2559.35,-2085.75,-1936.00,-1748.08 
1816.46,1587.23,1543.70,1498.46,1799.46,2127.98,1569.74,1754.77,1354.24,1623.28,2031.31,1677.72,1541.35,1303.93,2284.84,2415.72,2072.98,1819.88,2243.92,1921.07,1966.92,1894.86,1572.92,1807.10,1714.79,1654.86,1774.09,1875.76,1833.55,1579.27,1595.20,1947.46,2053.00,2224.07,1623.28,1661.38,1991.84,1623.28,1368.26,1800.31,-3282.14,-2893.36,-3220.56,-2028.60,-2821.73,-2359.04,-2908.44,-1678.54,-2907.37,-1995.41,-1636.20,-2496.00,-2235.40,-2642.99,-2210.88,-3011.81,-2380.46,-2308.80,-2431.48,-2118.76,-2668.76,-2498.00,-2649.16,-2599.98,-2744.71,-2916.00,-3025.00,-3086.91,-2561.37,-2140.91,-2025.00,-2007.94,-2287.71,-2587.76,-2276.24,-2740.52,-3065.84,-2496.00,-2314.57,-2090.32 
1935.12,1672.81,1642.68,1592.01,1925.45,2271.48,1680.18,1867.10,1435.65,1718.10,2164.11,1790.98,1629.74,1392.78,2438.38,2597.94,2214.64,1936.00,2381.44,2059.34,2078.45,2023.20,1697.44,1905.32,1829.27,1740.56,1881.82,1994.52,1944.81,1679.36,1688.39,2053.00,2219.35,2395.12,1718.10,1758.96,2108.65,1718.10,1455.42,1912.31,-3330.44,-2948.49,-3259.27,-2039.43,-2844.09,-2401.00,-2970.25,-1711.48,-2941.98,-2034.01,-1644.30,-2543.18,-2239.18,-2683.24,-2260.05,-3056.98,-2432.46,-2350.31,-2416.71,-2146.47,-2722.75,-2533.11,-2653.28,-2638.88,-2782.56,-2955.01,-3044.83,-3114.76,-2599.98,-2176.22,-2047.56,-2033.11,-2323.24,-2609.17,-2330.96,-2814.30,-3108.06,-2492.01,-2371.69,-2114.16 
2093.06,1810.50,1776.62,1718.93,2081.18,2454.21,1814.76,2017.81,1550.78,1856.75,2340.62,1932.48,1762.32,1506.22,2644.02,2810.06,2399.04,2094.89,2575.56,2225.01,2246.76,2187.43,1836.98,2060.25,1969.58,1881.82,2034.01,2156.67,2104.97,1812.20,1823.29,2224.07,2395.12,2589.79,1856.75,1906.20,2285.80,1856.75,1572.92,2067.52,-3576.04,-3162.94,-3496.36,-2187.43,-3052.56,-2567.45,-3182.09,-1836.12,-3156.19,-2179.02,-1764.00,-2727.97,-2404.92,-2871.89,-2428.52,-3284.44,-2601.00,-2518.03,-2594.88,-2302.08,-2912.76,-2721.71,-2841.96,-2822.80,-2987.72,-3174.20,-3267.27,-3339.68,-2785.73,-2339.66,-2196.80,-2181.82,-2494.00,-2787.84,-2490.01,-3014.01,-3335.06,-2675.99,-2540.16,-2266.71 
1517.88,1327.14,1290.25,1254.58,1503.89,1775.78,1311.16,1467.66,1133.67,1360.13,1697.44,1404.75,1290.96,1090.98,1904.45,2012.42,1725.57,1518.66,1874.02,1604.00,1645.92,1580.06,1311.89,1506.99,1438.68,1385.33,1480.71,1568.16,1531.94,1322.78,1335.90,1623.28,1718.10,1856.75,1360.13,1386.82,1662.19,1360.13,1144.47,1505.44,-2746.81,-2418.67,-2695.69,-1698.26,-2360.02,-1979.36,-2431.48,-1406.25,-2436.41,-1667.91,-1372.70,-2084.84,-1876.62,-2215.58,-1845.56,-2518.03,-1992.73,-1939.52,-2034.01,-1776.62,-2228.78,-2088.49,-2220.29,-2184.63,-2297.28,-2438.38,-2534.12,-2580.64,-2142.76,-1792.68,-1697.44,-1684.28,-1914.94,-2169.70,-1906.20,-2289.62,-2564.41,-2091.23,-1937.76,-1749.75 
1553.94,1355.71,1320.60,1278.78,1539.78,1814.76,1341.02,1499.24,1156.00,1386.82,1737.22,1431.87,1317.69,1118.23,1960.72,2066.61,1774.09,1555.51,1914.94,1641.87,1677.72,1617.65,1351.30,1536.64,1459.24,1410.75,1511.65,1603.20,1568.16,1346.89,1360.13,1661.38,1758.96,1906.20,1386.82,1422.80,1705.69,1386.82,1169.64,1538.21,-2720.67,-2395.12,-2662.56,-1674.45,-2330.96,-1946.57,-2402.96,-1394.28,-2406.88,-1648.36,-1354.24,-2064.79,-1852.44,-2180.89,-1836.98,-2498.00,-1962.49,-1914.94,-2001.67,-1755.61,-2195.86,-2072.07,-2179.02,-2147.40,-2275.29,-2416.71,-2500.00,-2544.19,-2114.16,-1782.53,-1677.72,-1666.27,-1897.47,-2123.37,-1874.89,-2265.76,-2536.13,-2061.16,-1916.69,-1727.23 
1862.79,1624.90,1582.45,1531.94,1845.56,2175.29,1606.41,1796.91,1384.58,1662.19,2083.01,1715.62,1579.27,1339.56,2352.25,2478.05,2127.05,1864.51,2296.33,1967.81,2011.52,1938.64,1619.26,1841.27,1748.08,1690.85,1811.35,1921.95,1880.09,1613.63,1629.74,1991.84,2108.65,2285.80,1662.19,1705.69,2045.75,1662.19,1401.00,1843.84,-3259.27,-2867.60,-3188.86,-2003.46,-2791.01,-2329.03,-2876.18,-1667.91,-2882.62,-1971.36,-1620.06,-2471.08,-2218.41,-2610.19,-2198.67,-2992.09,-2347.40,-2292.49,-2396.10,-2101.31,-2626.56,-2481.04,-2608.14,-2570.49,-2724.84,-2894.44,-2994.28,-3045.94,-2530.09,-2134.44,-2007.94,-1994.52,-2271.48,-2540.16,-2242.02,-2711.28,-3037.11,-2468.10,-2293.45,-2066.61 
1517.88,1327.14,1290.25,1254.58,1503.89,1775.78,1311.16,1467.66,1133.67,1360.13,1697.44,1404.75,1290.96,1090.98,1904.45,2012.42,1725.57,1518.66,1874.02,1604.00,1645.92,1580.06,1311.89,1506.99,1438.68,1385.33,1480.71,1568.16,1531.94,1322.78,1335.90,1623.28,1718.10,1856.75,1360.13,1386.82,1662.19,1360.13,1144.47,1505.44,-2746.81,-2418.67,-2695.69,-1698.26,-2360.02,-1979.36,-2431.48,-1406.25,-2436.41,-1667.91,-1372.70,-2084.84,-1876.62,-2215.58,-1845.56,-2518.03,-1992.73,-1939.52,-2034.01,-1776.62,-2228.78,-2088.49,-2220.29,-2184.63,-2297.28,-2438.38,-2534.12,-2580.64,-2142.76,-1792.68,-1697.44,-1684.28,-1914.94,-2169.70,-1906.20,-2289.62,-2564.41,-2091.23,-1937.76,-1749.75 
1281.64,1116.90,1089.66,1058.20,1271.64,1501.56,1110.22,1238.34,956.05,1144.47,1432.62,1186.11,1086.36,922.34,1609.61,1706.52,1461.53,1283.07,1580.06,1357.92,1384.58,1337.37,1114.22,1270.92,1213.13,1164.17,1250.33,1322.78,1291.68,1115.56,1124.93,1368.26,1455.42,1572.92,1144.47,1169.64,1401.00,1144.47,966.59,1269.50,-2283.88,-2016.91,-2240.13,-1410.75,-1960.72,-1647.55,-2029.50,-1173.06,-2023.20,-1393.53,-1139.06,-1740.56,-1552.36,-1842.98,-1542.92,-2095.81,-1663.82,-1612.02,-1683.46,-1476.86,-1862.79,-1738.89,-1839.55,-1813.91,-1910.56,-2028.60,-2101.31,-2145.54,-1785.06,-1492.28,-1410.75,-1399.51,-1594.41,-1802.00,-1592.81,-1915.81,-2133.52,-1730.56,-1618.45,-1456.19 
1685.10,1469.19,1431.87,1390.54,1671.17,1974.03,1457.71,1628.12,1255.99,1505.44,1884.43,1558.67,1428.84,1211.04,2117.84,2242.97,1921.07,1686.74,2079.36,1784.22,1822.44,1757.29,1462.30,1671.17,1594.40,1531.94,1643.49,1739.72,1699.09,1466.12,1479.17,1800.31,1912.31,2067.52,1505.44,1538.21,1843.84,1505.44,1269.50,1669.54,-3015.11,-2659.46,-2957.18,-1860.20,-2587.76,-2171.56,-2674.96,-1544.49,-2670.82,-1834.41,-1501.56,-2293.45,-2050.28,-2430.49,-2032.21,-2765.71,-2191.18,-2126.13,-2223.12,-1947.46,-2453.22,-2293.45,-2428.52,-2393.17,-2521.04,-2677.03,-2775.18,-2831.30,-2353.22,-1967.81,-1860.20,-1845.56,-2102.22,-2376.56,-2096.72,-2523.05,-2815.36,-2285.80,-2131.67,-1919.32 
-2998.66,-2679.10,-2553.28,-2545.20,-2957.18,-3579.63,-2609.17,-2938.72,-2298.24,-2746.81,-3360.52,-2838.76,-2592.85,-2116.92,-3638.50,-3917.51,-3358.20,-3014.01,-3778.56,-3173.07,-3358.20,-3152.82,-2470.09,-3130.40,-2991.00,-2851.56,-3020.60,-3128.16,-3040.42,-2697.76,-2737.38,-3282.14,-3330.44,-3576.04,-2746.81,-2720.67,-3259.27,-2746.81,-2283.88,-3015.11,7104.80,6286.90,7114.92,4553.55,6269.47,5304.21,6398.40,3586.81,6387.21,4399.67,3630.06,5437.59,4933.66,5933.62,4653.97,6473.81,5336.30,5028.23,5578.60,4633.52,6024.86,5369.96,6119.93,5841.54,5945.95,6310.71,6737.13,6952.22,5704.78,4498.38,4432.90,4352.04,4935.06,6060.62,5133.72,5970.65,6725.64,5619.00,5025.39,4640.33 
-2646.07,-2358.07,-2253.40,-2247.71,-2613.25,-3168.56,-2310.72,-2593.86,-2028.60,-2418.67,-2964.80,-2510.01,-2281.97,-1867.97,-3205.82,-3470.39,-2969.16,-2661.53,-3333.91,-2809.00,-2958.27,-2791.01,-2186.50,-2766.76,-2647.10,-2510.01,-2670.82,-2759.40,-2679.10,-2383.39,-2414.74,-2893.36,-2948.49,-3162.94,-2418.67,-2395.12,-2867.60,-2418.67,-2016.91,-2659.46,6286.90,5580.09,6301.19,4033.52,5551.74,4711.45,5689.69,3179.83,5650.53,3915.00,3209.22,4831.64,4348.08,5266.40,4130.63,5730.49,4752.72,4450.22,4930.85,4101.12,5372.89,4754.10,5419.90,5176.80,5262.05,5586.07,5956.75,6166.96,5066.59,3975.30,3922.52,3847.72,4370.53,5386.09,4577.88,5318.79,5959.84,4960.38,4467.58,4115.22 
-2937.64,-2628.61,-2502.00,-2500.00,-2896.59,-3514.12,-2559.35,-2882.62,-2257.20,-2695.69,-3292.46,-2787.84,-2543.19,-2071.16,-3552.16,-3834.09,-3285.58,-2953.92,-3707.59,-3110.29,-3298.21,-3092.47,-2410.81,-3080.25,-2945.23,-2802.64,-2968.07,-3066.94,-2978.98,-2651.22,-2690.50,-3220.56,-3259.27,-3496.36,-2695.69,-2662.56,-3188.86,-2695.69,-2240.13,-2957.18,7114.92,6301.19,7136.87,4573.82,6291.66,5330.46,6420.82,3590.41,6403.20,4416.93,3642.12,5452.35,4944.90,5961.38,4653.97,6480.25,5364.10,5038.16,5610.01,4644.42,6060.62,5375.82,6159.11,5867.56,5955.21,6320.25,6760.13,6985.62,5728.98,4494.36,4443.56,4358.64,4942.09,6108.99,5163.86,5989.21,6743.69,5641.51,5038.16,4658.06 
-1845.56,-1657.30,-1573.71,-1575.30,-1818.17,-2208.06,-1608.81,-1813.06,-1423.55,-1698.26,-2067.52,-1753.93,-1602.40,-1301.77,-2224.07,-2400.02,-2060.25,-1856.75,-2330.96,-1951.87,-2077.54,-1943.05,-1508.55,-1943.93,-1855.89,-1769.04,-1869.70,-1928.09,-1873.16,-1670.36,-1696.62,-2028.60,-2039.43,-2187.43,-1698.26,-1674.45,-2003.46,-1698.26,-1410.75,-1860.20,4553.55,4033.52,4573.82,2940.89,4037.33,3419.91,4111.37,2301.12,4103.68,2833.43,2342.56,3492.81,3176.45,3824.19,2976.79,4147.36,3439.82,3227.38,3613.21,2978.98,3887.52,3443.34,3962.70,3763.82,3814.30,4047.50,4337.54,4483.64,3674.78,2876.18,2851.56,2795.24,3166.31,3930.04,3312.00,3831.61,4320.43,3627.65,3225.10,2991.00 
-2569.48,-2303.04,-2189.30,-2188.37,-2532.10,-3073.59,-2238.24,-2522.05,-1976.69,-2360.02,-2879.40,-2438.38,-2226.90,-1811.35,-3104.72,-3348.94,-2872.96,-2584.71,-3244.44,-2718.58,-2887.99,-2705.04,-2104.97,-2699.84,-2576.58,-2456.19,-2598.96,-2683.24,-2607.12,-2320.35,-2356.13,-2821.73,-2844.09,-3052.56,-2360.02,-2330.96,-2791.01,-2360.02,-1960.72,-2587.76,6269.47,5551.74,6291.66,4037.33,5550.25,4697.73,5656.54,3164.06,5644.52,3893.76,3214.89,4805.26,4363.92,5254.80,4099.84,5710.82,4726.56,4438.22,4957.57,4094.72,5342.15,4738.95,5437.59,5171.05,5249.00,5571.13,5962.93,6162.25,5050.94,3960.19,3918.76,3842.76,4356.00,5390.50,4549.50,5273.67,5944.41,4981.54,4436.89,4108.81 
-2155.74,-1926.33,-1836.98,-1841.27,-2128.90,-2587.76,-1886.16,-2118.76,-1661.38,-1979.36,-2415.72,-2055.72,-1865.38,-1520.22,-2592.85,-2817.49,-2407.86,-2167.83,-2721.71,-2289.62,-2421.62,-2275.29,-1769.04,-2266.71,-2179.96,-2057.53,-2184.63,-2251.50,-2182.76,-1954.52,-1980.25,-2359.04,-2401.00,-2567.45,-1979.36,-1946.57,-2329.03,-1979.36,-1647.55,-2171.56,5304.21,4711.45,5330.46,3419.91,4697.73,4003.09,4813.58,2683.24,4778.96,3314.30,2719.62,4080.65,3679.64,4470.26,3472.74,4828.86,4034.79,3766.28,4186.09,3469.21,4560.30,4006.89,4611.77,4398.34,4440.89,4711.45,5043.84,5227.29,4292.87,3343.15,3317.76,3251.28,3688.13,4595.48,3891.26,4495.70,5036.74,4204.23,3777.33,3485.72 
-2660.50,-2368.77,-2265.76,-2263.86,-2629.64,-3194.51,-2329.03,-2610.19,-2042.14,-2431.48,-2981.16,-2530.09,-2292.49,-1876.62,-3214.89,-3495.17,-2985.53,-2677.03,-3354.73,-2830.24,-2975.70,-2812.18,-2197.73,-2788.90,-2673.92,-2524.06,-2691.53,-2775.18,-2691.53,-2401.98,-2431.48,-2908.44,-2970.25,-3182.09,-2431.48,-2402.96,-2876.18,-2431.48,-2029.50,-2674.96,6398.40,5689.69,6420.82,4111.37,5656.54,4813.58,5811.01,3237.61,5753.22,3999.30,3266.12,4929.44,4416.93,5377.29,4205.52,5830.85,4862.27,4531.98,5022.56,4175.74,5501.19,4837.20,5530.90,5282.38,5355.31,5685.16,6065.29,6293.25,5172.49,4037.33,3992.98,3913.75,4448.89,5511.58,4688.14,5436.11,6073.08,5046.68,4560.30,4196.45 
-1537.42,-1371.22,-1310.44,-1305.38,-1517.88,-1834.41,-1341.02,-1506.22,-1179.24,-1406.25,-1721.42,-1456.19,-1327.87,-1089.00,-1864.51,-2010.63,-1723.08,-1545.28,-1932.48,-1628.93,-1716.45,-1617.65,-1273.06,-1601.60,-1532.72,-1457.71,-1547.64,-1602.40,-1557.09,-1383.10,-1401.75,-1678.54,-1711.48,-1836.12,-1406.25,-1394.28,-1667.91,-1406.25,-1173.06,-1544.49,3586.81,3179.83,3590.41,2301.12,3164.06,2683.24,3237.61,1819.88,3223.97,2230.67,1836.12,2753.10,2488.01,2998.66,2360.02,3270.70,2702.96,2543.18,2810.06,2343.53,3050.35,2715.45,3084.69,2950.66,3004.14,3187.73,3396.56,3508.19,2884.76,2277.20,2242.02,2201.49,2497.00,3059.20,2602.02,3026.10,3396.56,2831.30,2547.22,2347.40 
-2653.28,-2375.59,-2260.05,-2257.20,-2615.30,-3168.56,-2308.80,-2603.04,-2038.52,-2436.41,-2973.52,-2516.03,-2299.20,-1872.29,-3210.36,-3457.44,-2964.80,-2666.69,-3346.62,-2805.82,-2978.98,-2788.90,-2177.16,-2777.29,-2656.37,-2532.10,-2677.03,-2769.92,-2691.53,-2393.17,-2429.50,-2907.37,-2941.98,-3156.19,-2436.41,-2406.88,-2882.62,-2436.41,-2023.20,-2670.82,6387.21,5650.53,6403.20,4103.68,5644.52,4778.96,5753.22,3223.97,5748.67,3957.67,3271.84,4887.41,4446.22,5345.07,4175.74,5817.11,4803.88,4525.25,5033.90,4170.58,5422.85,4826.08,5523.46,5264.95,5346.53,5673.10,6068.41,6261.56,5135.16,4039.87,3990.45,3916.26,4436.89,5471.56,4622.64,5364.10,6049.73,5066.59,4517.18,4178.33 
-1824.14,-1625.70,-1554.72,-1553.94,-1802.85,-2190.24,-1598.40,-1790.14,-1402.50,-1667.91,-2043.04,-1735.56,-1572.92,-1288.09,-2201.49,-2394.14,-2046.66,-1836.12,-2299.20,-1940.40,-2040.33,-1928.97,-1506.99,-1914.94,-1834.41,-1732.22,-1847.28,-1902.70,-1845.56,-1648.36,-1668.72,-1995.41,-2034.01,-2179.02,-1667.91,-1648.36,-1971.36,-1667.91,-1393.53,-1834.41,4399.67,3915.00,4416.93,2833.43,3893.76,3314.30,3999.30,2230.67,3957.67,2756.25,2251.50,3394.23,3040.42,3701.51,2895.52,4010.69,3348.94,3118.11,3460.97,2875.10,3789.63,3329.29,3809.36,3634.88,3684.49,3911.25,4173.16,4332.27,3561.70,2778.34,2749.95,2694.65,3062.52,3797.02,3229.65,3741.77,4178.33,3475.10,3139.36,2891.21 
-1489.96,-1339.56,-1270.92,-1270.92,-1466.89,-1776.62,-1296.00,-1463.06,-1149.21,-1372.70,-1668.72,-1413.76,-1296.00,-1053.00,-1797.76,-1931.60,-1660.56,-1497.69,-1879.22,-1572.12,-1676.90,-1564.20,-1218.01,-1564.20,-1493.82,-1428.84,-1505.44,-1556.30,-1513.21,-1346.89,-1369.00,-1636.20,-1644.30,-1764.00,-1372.70,-1354.24,-1620.06,-1372.70,-1139.06,-1501.56,3630.06,3209.22,3642.12,2342.56,3214.89,2719.62,3266.12,1836.12,3271.84,2251.50,1870.56,2777.29,2540.16,3041.52,2371.69,3306.25,2730.06,2575.56,2878.32,2376.56,3080.25,2745.76,3152.82,2997.56,3041.52,3226.24,3457.44,3564.09,2921.40,2299.20,2275.29,2232.56,2525.06,3119.22,2626.56,3041.52,3439.82,2894.44,2565.42,2381.44 
-2281.97,-2033.11,-1943.93,-1939.52,-2254.35,-2735.29,-1995.41,-2237.29,-1750.59,-2084.84,-2556.31,-2165.97,-1966.92,-1611.22,-2762.55,-2995.37,-2562.38,-2296.33,-2875.10,-2424.58,-2550.25,-2409.83,-1887.03,-2389.25,-2284.84,-2164.11,-2305.92,-2379.49,-2309.76,-2056.62,-2083.01,-2496.00,-2543.18,-2727.97,-2084.84,-2064.79,-2471.08,-2084.84,-1740.56,-2293.45,5437.59,4831.64,5452.35,3492.81,4805.26,4080.65,4929.44,2753.10,4887.41,3394.23,2777.29,4186.09,3757.69,4560.30,3577.24,4957.57,4120.36,3848.96,4268.01,3548.58,4660.79,4113.94,4692.25,4479.63,4552.20,4833.03,5152.37,5340.69,4389.06,3437.48,3394.23,3328.14,3782.25,4667.62,3970.26,4610.41,5158.11,4290.25,3870.08,3564.09 
-2034.01,-1831.84,-1733.89,-1732.22,-1999.88,-2418.67,-1762.32,-1996.30,-1566.58,-1876.62,-2279.11,-1925.45,-1772.41,-1436.41,-2460.16,-2629.64,-2263.86,-2043.04,-2566.44,-2139.99,-2292.49,-2128.90,-1658.12,-2130.75,-2032.21,-1953.64,-2050.28,-2125.21,-2068.43,-1835.27,-1867.97,-2235.40,-2239.18,-2404.92,-1876.62,-1852.44,-2218.41,-1876.62,-1552.36,-2050.28,4933.66,4348.08,4944.90,3176.45,4363.92,3679.64,4416.93,2488.01,4446.22,3040.42,2540.16,3757.69,3462.15,4119.07,3212.62,4491.68,3684.49,3497.54,3911.25,3226.24,4152.51,3728.32,4277.16,4065.34,4131.92,4382.44,4700.47,4830.25,3953.89,3127.05,3089.14,3033.81,3426.93,4217.20,3540.25,4106.25,4667.62,3938.82,3469.21,3226.24 
-2412.77,-2157.60,-2055.72,-2059.34,-2381.44,-2894.44,-2108.65,-2370.72,-1858.47,-2215.58,-2704.00,-2298.24,-2088.49,-1700.74,-2905.21,-3151.70,-2695.69,-2426.55,-3047.04,-2560.36,-2711.28,-2545.20,-1978.47,-2537.14,-2435.42,-2304.00,-2444.31,-2520.04,-2444.31,-2185.56,-2215.58,-2642.99,-2683.24,-2871.89,-2215.58,-2180.89,-2610.19,-2215.58,-1842.98,-2430.49,5933.62,5266.40,5961.38,3824.19,5254.80,4470.26,5377.29,2998.66,5345.07,3701.51,3041.52,4560.30,4119.07,4994.25,3882.54,5402.25,4503.75,4209.42,4685.40,3878.80,5090.82,4482.30,5156.68,4914.01,4967.43,5270.76,5643.01,5844.60,4796.95,3740.55,3710.03,3636.09,4124.21,5132.29,4341.49,5019.72,5632.50,4705.96,4218.50,3896.26 
-2025.90,-1801.15,-1725.57,-1714.79,-2001.67,-2419.66,-1768.20,-1982.03,-1548.42,-1845.56,-2268.62,-1914.94,-1743.06,-1434.14,-2466.12,-2662.56,-2280.06,-2037.62,-2545.20,-2150.18,-2254.35,-2135.36,-1685.92,-2106.81,-2010.63,-1911.44,-2037.62,-2109.56,-2050.28,-1816.46,-1839.55,-2210.88,-2260.05,-2428.52,-1845.56,-1836.98,-2198.67,-1845.56,-1542.92,-2032.21,4653.97,4130.63,4653.97,2976.79,4099.84,3472.74,4205.52,2360.02,4175.74,2895.52,2371.69,3577.24,3212.62,3882.54,3071.38,4247.13,3505.82,3291.32,3630.06,3033.81,3961.44,3524.80,3984.13,3814.30,3896.26,4137.06,4395.69,4546.81,3740.55,2955.01,2901.98,2849.42,3238.75,3952.64,3374.45,3936.31,4406.30,3657.83,3307.40,3040.42 
-2752.05,-2457.18,-2343.53,-2333.86,-2714.41,-3284.44,-2395.12,-2695.69,-2107.73,-2518.03,-3083.58,-2603.04,-2377.54,-1943.93,-3343.15,-3598.80,-3085.80,-2766.76,-3465.68,-2912.76,-3078.03,-2894.44,-2271.48,-2870.82,-2739.48,-2613.25,-2770.97,-2869.74,-2789.95,-2473.07,-2509.01,-3011.81,-3056.98,-3284.44,-2518.03,-2498.00,-2992.09,-2518.03,-2095.81,-2765.71,6473.81,5730.49,6480.25,4147.36,5710.82,4828.86,5830.85,3270.70,5817.11,4010.69,3306.25,4957.57,4491.68,5402.25,4247.13,5901.31,4860.88,4579.23,5077.99,4221.10,5489.33,4895.80,5568.15,5315.87,5418.43,5751.71,6134.02,6331.38,5196.97,4102.40,4038.60,3965.22,4498.38,5513.06,4675.82,5443.49,6127.76,5115.11,4580.58,4227.60 
-2177.16,-1939.52,-1855.02,-1858.47,-2152.96,-2620.42,-1910.56,-2139.06,-1676.08,-1992.73,-2439.37,-2077.54,-1877.49,-1535.07,-2619.39,-2859.04,-2439.37,-2191.18,-2747.86,-2319.39,-2439.37,-2304.96,-1794.37,-2290.58,-2202.43,-2070.25,-2209.00,-2272.43,-2201.49,-1973.14,-1996.30,-2380.46,-2432.46,-2601.00,-1992.73,-1962.49,-2347.40,-1992.73,-1663.82,-2191.18,5336.30,4752.72,5364.10,3439.82,4726.56,4034.79,4862.27,2702.96,4803.88,3348.94,2730.06,4120.36,3684.49,4503.75,3505.82,4860.88,4078.10,3785.94,4201.63,3488.08,4615.84,4033.52,4634.89,4423.58,4467.58,4741.70,5066.59,5266.40,4329.64,3360.52,3335.06,3266.12,3712.47,4630.80,3936.31,4549.50,5072.29,4215.91,3814.30,3510.56 
-2113.24,-1888.77,-1800.30,-1797.76,-2084.84,-2522.05,-1840.41,-2072.98,-1623.28,-1939.52,-2367.80,-2005.25,-1830.13,-1493.82,-2556.31,-2755.20,-2360.02,-2122.44,-2661.53,-2236.34,-2368.77,-2220.29,-1738.89,-2205.24,-2116.92,-2012.42,-2128.90,-2205.24,-2141.84,-1906.20,-1933.36,-2308.80,-2350.31,-2518.03,-1939.52,-1914.94,-2292.49,-1939.52,-1612.02,-2126.13,5028.23,4450.22,5038.16,3227.38,4438.22,3766.28,4531.98,2543.18,4525.25,3118.11,2575.56,3848.96,3497.54,4209.42,3291.32,4579.23,3785.94,3568.87,3950.12,3285.58,4269.32,3799.49,4340.17,4148.65,4209.42,4464.91,4772.05,4922.42,4042.42,3184.34,3142.72,3085.80,3495.18,4303.36,3644.54,4228.90,4761.00,3980.35,3562.90,3289.02 
